2.830000000000000000e+02 4.000000000000000000e+01
2.830550409635524147e+02 4.021355893858335406e+01
2.831100819271048294e+02 4.042711787716670813e+01
2.831651228906572442e+02 4.064067681575006219e+01
2.832201638542096589e+02 4.085423575433341625e+01
2.832201638542096589e+02 4.085423575433341625e+01
2.832752048177620736e+02 4.106779469291677032e+01
2.833302457813144883e+02 4.128135363150012438e+01
2.833852867448669031e+02 4.149491257008347844e+01
2.834403277084193178e+02 4.170847150866683251e+01
2.834403277084193178e+02 4.170847150866683251e+01
2.834804453597593010e+02 4.186412799586605615e+01
2.835205630110992843e+02 4.201978448306527980e+01
2.835692128093130009e+02 4.220854570013439400e+01
2.836315149497306720e+02 4.245027800495491022e+01
2.836315149497306720e+02 4.245027800495491022e+01
2.836930526177558249e+02 4.268904415689245013e+01
2.837545902857809779e+02 4.292781030882999005e+01
2.838161279538061308e+02 4.316657646076752997e+01
2.838776656218312837e+02 4.340534261270506988e+01
2.838776656218312837e+02 4.340534261270506988e+01
2.839327065853836984e+02 4.361890155128842395e+01
2.839877475489361132e+02 4.383246048987177801e+01
2.840427885124885279e+02 4.404601942845513207e+01
2.840978294760409426e+02 4.425957836703848614e+01
2.840978294760409426e+02 4.425957836703848614e+01
2.841367493146119045e+02 4.441058734069378033e+01
2.841756691531828665e+02 4.456159631434907453e+01
2.842145889917538284e+02 4.471260528800436873e+01
2.842535088303247903e+02 4.486361426165966293e+01
2.842535088303247903e+02 4.486361426165966293e+01
2.842936264816647736e+02 4.501927074885888658e+01
2.843337441330047568e+02 4.517492723605811022e+01
2.843823939312184734e+02 4.536368845312722442e+01
2.844446960716361446e+02 4.560542075794774064e+01
2.844446960716361446e+02 4.560542075794774064e+01
2.845124573995488504e+02 4.586833471024898756e+01
2.845679267039081424e+02 4.608355561116299270e+01
2.846119809698798804e+02 4.625448616313342853e+01
2.846463815721001538e+02 4.638796049974802571e+01
2.846463815721001538e+02 4.638796049974802571e+01
2.847086837125178249e+02 4.662969280456854193e+01
2.847573335107315415e+02 4.681845402163765613e+01
2.847974511620715248e+02 4.697411050883687977e+01
2.848375688134115080e+02 4.712976699603610342e+01
2.848375688134115080e+02 4.712976699603610342e+01
2.849053301413242139e+02 4.739268094833735034e+01
2.849607994456835058e+02 4.760790184925135549e+01
2.850048537116552438e+02 4.777883240122179132e+01
2.850392543138755173e+02 4.791230673783638849e+01
2.850392543138755173e+02 4.791230673783638849e+01
2.851015564542931884e+02 4.815403904265690471e+01
2.851502062525069050e+02 4.834280025972601891e+01
2.851903239038468882e+02 4.849845674692524256e+01
2.852304415551868715e+02 4.865411323412446620e+01
2.852304415551868715e+02 4.865411323412446620e+01
2.852927436956045426e+02 4.889584553894498242e+01
2.853413934938182592e+02 4.908460675601409662e+01
2.853815111451582425e+02 4.924026324321332027e+01
2.854216287964982257e+02 4.939591973041254391e+01
2.854216287964982257e+02 4.939591973041254391e+01
2.854839309369158968e+02 4.963765203523306013e+01
2.855325807351296135e+02 4.982641325230217433e+01
2.855726983864695967e+02 4.998206973950139798e+01
2.856128160378095799e+02 5.013772622670062162e+01
2.856128160378095799e+02 5.013772622670062162e+01
2.856529336891495632e+02 5.029338271389984527e+01
2.856930513404895464e+02 5.044903920109906892e+01
2.857417011387032630e+02 5.063780041816818311e+01
2.858040032791209342e+02 5.087953272298869933e+01
2.858040032791209342e+02 5.087953272298869933e+01
2.858429231176918961e+02 5.103054169664399353e+01
2.858818429562628580e+02 5.118155067029928773e+01
2.859207627948338200e+02 5.133255964395458193e+01
2.859596826334047819e+02 5.148356861760987613e+01
2.859596826334047819e+02 5.148356861760987613e+01
2.860219847738224530e+02 5.172530092243039235e+01
2.860706345720361696e+02 5.191406213949950654e+01
2.861107522233761529e+02 5.206971862669873019e+01
2.861508698747161361e+02 5.222537511389795384e+01
2.861508698747161361e+02 5.222537511389795384e+01
2.862063391790754281e+02 5.244059601481195898e+01
2.862618084834347201e+02 5.265581691572596412e+01
2.863205922582769176e+02 5.288389796211374261e+01
2.863854991847323959e+02 5.313573683676091974e+01
2.863854991847323959e+02 5.313573683676091974e+01
2.864256168360723791e+02 5.329139332396014339e+01
2.864657344874123623e+02 5.344704981115936704e+01
2.865143842856260790e+02 5.363581102822848123e+01
2.865766864260437501e+02 5.387754333304899745e+01
2.865766864260437501e+02 5.387754333304899745e+01
2.866168040773837333e+02 5.403319982024822110e+01
2.866569217287237166e+02 5.418885630744744475e+01
2.867055715269374332e+02 5.437761752451655894e+01
2.867678736673551043e+02 5.461934982933707516e+01
2.867678736673551043e+02 5.461934982933707516e+01
2.868301758077727754e+02 5.486108213415759138e+01
2.868788256059864921e+02 5.504984335122670558e+01
2.869189432573264753e+02 5.520549983842592923e+01
2.869590609086664585e+02 5.536115632562515287e+01
2.869590609086664585e+02 5.536115632562515287e+01
2.870213630490841297e+02 5.560288863044566909e+01
2.870700128472978463e+02 5.579164984751478329e+01
2.871101304986378295e+02 5.594730633471400694e+01
2.871502481499778128e+02 5.610296282191323058e+01
2.871502481499778128e+02 5.610296282191323058e+01
2.872052891135302275e+02 5.631652176049658465e+01
2.872603300770826422e+02 5.653008069907993871e+01
2.873153710406350569e+02 5.674363963766329277e+01
2.873704120041874717e+02 5.695719857624664684e+01
2.873704120041874717e+02 5.695719857624664684e+01
2.874093318427584336e+02 5.710820754990194104e+01
2.874482516813293955e+02 5.725921652355723523e+01
2.874871715199003575e+02 5.741022549721252943e+01
2.875260913584713194e+02 5.756123447086782363e+01
2.875260913584713194e+02 5.756123447086782363e+01
2.875662090098113026e+02 5.771689095806704728e+01
2.876063266611512859e+02 5.787254744526627093e+01
2.876549764593650025e+02 5.806130866233538512e+01
2.877172785997826736e+02 5.830304096715590134e+01
2.877172785997826736e+02 5.830304096715590134e+01
2.877561984383536355e+02 5.845404994081119554e+01
2.877951182769245975e+02 5.860505891446648974e+01
2.878340381154955594e+02 5.875606788812178394e+01
2.878729579540665213e+02 5.890707686177707814e+01
2.878729579540665213e+02 5.890707686177707814e+01
2.879363895303719687e+02 5.915319137784226911e+01
2.879864775632561305e+02 5.934753294543288860e+01
2.880402130217244689e+02 5.955602652429008970e+01
2.881120435879785759e+02 5.983472912135606947e+01
2.881120435879785759e+02 5.983472912135606947e+01
2.881687785145941803e+02 6.005486063662456075e+01
2.882255134412097846e+02 6.027499215189305204e+01
2.882943146456502745e+02 6.054194082512224639e+01
2.883824231775938074e+02 6.088380192906312516e+01
2.883824231775938074e+02 6.088380192906312516e+01
2.884213430161647693e+02 6.103481090271841936e+01
2.884602628547357313e+02 6.118581987637371356e+01
2.884991826933066932e+02 6.133682885002900775e+01
2.885381025318776551e+02 6.148783782368430195e+01
2.885381025318776551e+02 6.148783782368430195e+01
2.885770223704486170e+02 6.163884679733959615e+01
2.886159422090195790e+02 6.178985577099489035e+01
2.886548620475905409e+02 6.194086474465018455e+01
2.886937818861615028e+02 6.209187371830547875e+01
2.886937818861615028e+02 6.209187371830547875e+01
2.887327017247324648e+02 6.224288269196077295e+01
2.887716215633034267e+02 6.239389166561606714e+01
2.888105414018743886e+02 6.254490063927136134e+01
2.888494612404453505e+02 6.269590961292665554e+01
2.888494612404453505e+02 6.269590961292665554e+01
2.889117633808630217e+02 6.293764191774717176e+01
2.889604131790767383e+02 6.312640313481628596e+01
2.890005308304167215e+02 6.328205962201550960e+01
2.890406484817567048e+02 6.343771610921473325e+01
2.890406484817567048e+02 6.343771610921473325e+01
2.890807661330966880e+02 6.359337259641395690e+01
2.891208837844366712e+02 6.374902908361318055e+01
2.891695335826503879e+02 6.393779030068229474e+01
2.892318357230680590e+02 6.417952260550281096e+01
2.892318357230680590e+02 6.417952260550281096e+01
2.892662363252883324e+02 6.431299694211740814e+01
2.893102905912600704e+02 6.448392749408785107e+01
2.893657598956193624e+02 6.469914839500185622e+01
2.894335212235320682e+02 6.496206234730310314e+01
2.894335212235320682e+02 6.496206234730310314e+01
2.894736388748720515e+02 6.511771883450232679e+01
2.895137565262120347e+02 6.527337532170155043e+01
2.895624063244257513e+02 6.546213653877066463e+01
2.896247084648434225e+02 6.570386884359118085e+01
2.896247084648434225e+02 6.570386884359118085e+01
2.896636283034143844e+02 6.585487781724647505e+01
2.897025481419853463e+02 6.600588679090176925e+01
2.897414679805563082e+02 6.615689576455706344e+01
2.897803878191272702e+02 6.630790473821235764e+01
2.897803878191272702e+02 6.630790473821235764e+01
2.898193076576982321e+02 6.645891371186765184e+01
2.898582274962691940e+02 6.660992268552294604e+01
2.898971473348401560e+02 6.676093165917824024e+01
2.899360671734111179e+02 6.691194063283353444e+01
2.899360671734111179e+02 6.691194063283353444e+01
2.899761848247511011e+02 6.706759712003275808e+01
2.900163024760910844e+02 6.722325360723198173e+01
2.900649522743048010e+02 6.741201482430109593e+01
2.901272544147224721e+02 6.765374712912161215e+01
2.901272544147224721e+02 6.765374712912161215e+01
2.901661742532934340e+02 6.780475610277690635e+01
2.902050940918643960e+02 6.795576507643220054e+01
2.902440139304353579e+02 6.810677405008749474e+01
2.902829337690063198e+02 6.825778302374278894e+01
2.902829337690063198e+02 6.825778302374278894e+01
2.903814421024180206e+02 6.863999535738025770e+01
2.904583641874494333e+02 6.893845304730218970e+01
2.905217957637548807e+02 6.918456756336738067e+01
2.905852273400603281e+02 6.943068207943257164e+01
2.905852273400603281e+02 6.943068207943257164e+01
2.906475294804779992e+02 6.967241438425308786e+01
2.906961792786917158e+02 6.986117560132220206e+01
2.907362969300316990e+02 7.001683208852142570e+01
2.907764145813716823e+02 7.017248857572064935e+01
2.907764145813716823e+02 7.017248857572064935e+01
2.908153344199426442e+02 7.032349754937594355e+01
2.908542542585136061e+02 7.047450652303123775e+01
2.908931740970845681e+02 7.062551549668653195e+01
2.909320939356555300e+02 7.077652447034182615e+01
2.909320939356555300e+02 7.077652447034182615e+01
2.909710137742264919e+02 7.092753344399712034e+01
2.910099336127974539e+02 7.107854241765241454e+01
2.910488534513684158e+02 7.122955139130770874e+01
2.910877732899393777e+02 7.138056036496300294e+01
2.910877732899393777e+02 7.138056036496300294e+01
2.911500754303570488e+02 7.162229266978351916e+01
2.911987252285707655e+02 7.181105388685263335e+01
2.912388428799107487e+02 7.196671037405185700e+01
2.912789605312507319e+02 7.212236686125108065e+01
2.912789605312507319e+02 7.212236686125108065e+01
2.913178803698216939e+02 7.227337583490637485e+01
2.913568002083926558e+02 7.242438480856166905e+01
2.913957200469636177e+02 7.257539378221696325e+01
2.914346398855345797e+02 7.272640275587225744e+01
2.914346398855345797e+02 7.272640275587225744e+01
2.914735597241055416e+02 7.287741172952755164e+01
2.915124795626765035e+02 7.302842070318284584e+01
2.915513994012474654e+02 7.317942967683814004e+01
2.915903192398184274e+02 7.333043865049343424e+01
2.915903192398184274e+02 7.333043865049343424e+01
2.916526213802360985e+02 7.357217095531395046e+01
2.917012711784498151e+02 7.376093217238306465e+01
2.917413888297897984e+02 7.391658865958228830e+01
2.917815064811297816e+02 7.407224514678151195e+01
2.917815064811297816e+02 7.407224514678151195e+01
2.918204263197007435e+02 7.422325412043680615e+01
2.918593461582717055e+02 7.437426309409210035e+01
2.918982659968426674e+02 7.452527206774739454e+01
2.919371858354136293e+02 7.467628104140268874e+01
2.919371858354136293e+02 7.467628104140268874e+01
2.919761056739845912e+02 7.482729001505798294e+01
2.920150255125555532e+02 7.497829898871327714e+01
2.920539453511265151e+02 7.512930796236857134e+01
2.920928651896974770e+02 7.528031693602386554e+01
2.920928651896974770e+02 7.528031693602386554e+01
2.921317850282684390e+02 7.543132590967915974e+01
2.921707048668394009e+02 7.558233488333445393e+01
2.922096247054103628e+02 7.573334385698974813e+01
2.922485445439813248e+02 7.588435283064504233e+01
2.922485445439813248e+02 7.588435283064504233e+01
2.922874643825522867e+02 7.603536180430033653e+01
2.923263842211232486e+02 7.618637077795563073e+01
2.923653040596942105e+02 7.633737975161092493e+01
2.924042238982651725e+02 7.648838872526621913e+01
2.924042238982651725e+02 7.648838872526621913e+01
2.924431437368361344e+02 7.663939769892151332e+01
2.924820635754070963e+02 7.679040667257680752e+01
2.925209834139780583e+02 7.694141564623210172e+01
2.925599032525490202e+02 7.709242461988739592e+01
2.925599032525490202e+02 7.709242461988739592e+01
2.925988230911199821e+02 7.724343359354269012e+01
2.926377429296909440e+02 7.739444256719798432e+01
2.926766627682619060e+02 7.754545154085327852e+01
2.927155826068328679e+02 7.769646051450857271e+01
2.927155826068328679e+02 7.769646051450857271e+01
2.927808531603713504e+02 7.794971026223785771e+01
2.928400381943075104e+02 7.817934819391015822e+01
2.928992232282436703e+02 7.840898612558245873e+01
2.929644937817821528e+02 7.866223587331174372e+01
2.929644937817821528e+02 7.866223587331174372e+01
2.930034136203531148e+02 7.881324484696703792e+01
2.930423334589240767e+02 7.896425382062233211e+01
2.930812532974950386e+02 7.911526279427762631e+01
2.931201731360660006e+02 7.926627176793292051e+01
2.931201731360660006e+02 7.926627176793292051e+01
2.931590929746369625e+02 7.941728074158821471e+01
2.931980128132079244e+02 7.956828971524350891e+01
2.932369326517788863e+02 7.971929868889880311e+01
2.932758524903498483e+02 7.987030766255409731e+01
2.932758524903498483e+02 7.987030766255409731e+01
2.933147723289208102e+02 8.002131663620939150e+01
2.933536921674917721e+02 8.017232560986468570e+01
2.933926120060627341e+02 8.032333458351997990e+01
2.934315318446336960e+02 8.047434355717527410e+01
2.934315318446336960e+02 8.047434355717527410e+01
2.934704516832046579e+02 8.062535253083056830e+01
2.935093715217756198e+02 8.077636150448586250e+01
2.935482913603465818e+02 8.092737047814115670e+01
2.935872111989175437e+02 8.107837945179645089e+01
2.935872111989175437e+02 8.107837945179645089e+01
2.936261310374885056e+02 8.122938842545174509e+01
2.936650508760594676e+02 8.138039739910703929e+01
2.937039707146304295e+02 8.153140637276233349e+01
2.937428905532013914e+02 8.168241534641762769e+01
2.937428905532013914e+02 8.168241534641762769e+01
2.938304601899860131e+02 8.202218553714203608e+01
2.938985699074851823e+02 8.228645124103879027e+01
2.939472197056988989e+02 8.247521245810790447e+01
2.939764095846271061e+02 8.258846918834937867e+01
2.939764095846271061e+02 8.258846918834937867e+01
2.940153294231980681e+02 8.273947816200467287e+01
2.940542492617690300e+02 8.289048713565996707e+01
2.940931691003399919e+02 8.304149610931526126e+01
2.941320889389109539e+02 8.319250508297055546e+01
2.941320889389109539e+02 8.319250508297055546e+01
2.941710087774819158e+02 8.334351405662584966e+01
2.942099286160528777e+02 8.349452303028114386e+01
2.942488484546238396e+02 8.364553200393643806e+01
2.942877682931948016e+02 8.379654097759173226e+01
2.942877682931948016e+02 8.379654097759173226e+01
2.943266881317657635e+02 8.394754995124702646e+01
2.943656079703367254e+02 8.409855892490232065e+01
2.944045278089076874e+02 8.424956789855761485e+01
2.944434476474786493e+02 8.440057687221290905e+01
2.944434476474786493e+02 8.440057687221290905e+01
2.945057497878963204e+02 8.464230917703342527e+01
2.945543995861100370e+02 8.483107039410253947e+01
2.945945172374500203e+02 8.498672688130176311e+01
2.946346348887900035e+02 8.514238336850098676e+01
2.946346348887900035e+02 8.514238336850098676e+01
2.947023962167027094e+02 8.540529732080223368e+01
2.947578655210620013e+02 8.562051822171623883e+01
2.948019197870337393e+02 8.579144877368668176e+01
2.948363203892540128e+02 8.592492311030127894e+01
2.948363203892540128e+02 8.592492311030127894e+01
2.949012273157094910e+02 8.617676198494845607e+01
2.949600110905516885e+02 8.640484303133622745e+01
2.950154803949109805e+02 8.662006393225023260e+01
2.950709496992702725e+02 8.683528483316423774e+01
2.950709496992702725e+02 8.683528483316423774e+01
2.951053503014905459e+02 8.696875916977883492e+01
2.951494045674622839e+02 8.713968972174927785e+01
2.952048738718215759e+02 8.735491062266328299e+01
2.952726351997342817e+02 8.761782457496452992e+01
2.952726351997342817e+02 8.761782457496452992e+01
2.953314189745764793e+02 8.784590562135230130e+01
2.953963259010319575e+02 8.809774449599947843e+01
2.954694625845614269e+02 8.838151482809371373e+01
2.955523102056019411e+02 8.870296359773095674e+01
2.955523102056019411e+02 8.870296359773095674e+01
2.955830790396145176e+02 8.882234667369972669e+01
2.956326922936993356e+02 8.901484609954871985e+01
2.957067934586676188e+02 8.930235861962573551e+01
2.958069695244359991e+02 8.969104175480697450e+01
2.958069695244359991e+02 8.969104175480697450e+01
2.958458893630069610e+02 8.984205072846226869e+01
2.958848092015779230e+02 8.999305970211756289e+01
2.959237290401488849e+02 9.014406867577285709e+01
2.959626488787198468e+02 9.029507764942815129e+01
2.959626488787198468e+02 9.029507764942815129e+01
2.960628249444882272e+02 9.068376078460939027e+01
2.961369261094565104e+02 9.097127330468640594e+01
2.961865393635413284e+02 9.116377273053539909e+01
2.962173081975539048e+02 9.128315580650416905e+01
2.962173081975539048e+02 9.128315580650416905e+01
2.962796103379715760e+02 9.152488811132468527e+01
2.963282601361852926e+02 9.171364932839379946e+01
2.963683777875252758e+02 9.186930581559302311e+01
2.964084954388652591e+02 9.202496230279224676e+01
2.964084954388652591e+02 9.202496230279224676e+01
2.964639647432245511e+02 9.224018320370625190e+01
2.965194340475838430e+02 9.245540410462025704e+01
2.965782178224260406e+02 9.268348515100802842e+01
2.966431247488815188e+02 9.293532402565520556e+01
2.966431247488815188e+02 9.293532402565520556e+01
2.967080316753369971e+02 9.318716290030238270e+01
2.967668154501791946e+02 9.341524394669015408e+01
2.968222847545384866e+02 9.363046484760415922e+01
2.968777540588977786e+02 9.384568574851816436e+01
2.968777540588977786e+02 9.384568574851816436e+01
2.969332233632570706e+02 9.406090664943216950e+01
2.969886926676163625e+02 9.427612755034617464e+01
2.970474764424585601e+02 9.450420859673394602e+01
2.971123833689140383e+02 9.475604747138112316e+01
2.971123833689140383e+02 9.475604747138112316e+01
2.971746855093317095e+02 9.499777977620163938e+01
2.972233353075454261e+02 9.518654099327075357e+01
2.972634529588854093e+02 9.534219748046997722e+01
2.973035706102253926e+02 9.549785396766920087e+01
2.973035706102253926e+02 9.549785396766920087e+01
2.973586115737778073e+02 9.571141290625256204e+01
2.974136525373302220e+02 9.592497184483592321e+01
2.974686935008826367e+02 9.613853078341928438e+01
2.975237344644350514e+02 9.635208972200264554e+01
2.975237344644350514e+02 9.635208972200264554e+01
2.975581350666553249e+02 9.648556405861724272e+01
2.976021893326270629e+02 9.665649461058768566e+01
2.976576586369863548e+02 9.687171551150169080e+01
2.977254199648990607e+02 9.713462946380293772e+01
2.977254199648990607e+02 9.713462946380293772e+01
2.977804609284514754e+02 9.734818840238629889e+01
2.978355018920038901e+02 9.756174734096966006e+01
2.978905428555563049e+02 9.777530627955302123e+01
2.979455838191087196e+02 9.798886521813638240e+01
2.979455838191087196e+02 9.798886521813638240e+01
2.980421509112931631e+02 9.836354553581197990e+01
2.981112952660142241e+02 9.863182563212964737e+01
2.981574485170330604e+02 9.881090024608280942e+01
2.981944990995172020e+02 9.895465650612132436e+01
2.981944990995172020e+02 9.895465650612132436e+01
2.982346167508571853e+02 9.911031299332054800e+01
2.982747344021971685e+02 9.926596948051977165e+01
2.983233842004108851e+02 9.945473069758888585e+01
2.983856863408285562e+02 9.969646300240940207e+01
2.983856863408285562e+02 9.969646300240940207e+01
2.984505932672840345e+02 9.994830187705657920e+01
2.985093770421262320e+02 1.001763829234443506e+02
2.985648463464855240e+02 1.003916038243583557e+02
2.986203156508448160e+02 1.006068247252723609e+02
2.986203156508448160e+02 1.006068247252723609e+02
2.986826177912624871e+02 1.008485570300928771e+02
2.987312675894762037e+02 1.010373182471619913e+02
2.987713852408161870e+02 1.011929747343612149e+02
2.988115028921561702e+02 1.013486312215604386e+02
2.988115028921561702e+02 1.013486312215604386e+02
2.988485534746403118e+02 1.014923874815989535e+02
2.988947067256591481e+02 1.016714620955521156e+02
2.989638510803802092e+02 1.019397421918697830e+02
2.990604181725646527e+02 1.023144225095453805e+02
2.990604181725646527e+02 1.023144225095453805e+02
2.991005358239046359e+02 1.024700789967446042e+02
2.991406534752446191e+02 1.026257354839438278e+02
2.991893032734583358e+02 1.028144967010129420e+02
2.992516054138760069e+02 1.030562290058334582e+02
2.992516054138760069e+02 1.030562290058334582e+02
2.993066463774284216e+02 1.032697879444168194e+02
2.993616873409808363e+02 1.034833468830001806e+02
2.994167283045332510e+02 1.036969058215835418e+02
2.994717692680856658e+02 1.039104647601669029e+02
2.994717692680856658e+02 1.039104647601669029e+02
2.995268102316380805e+02 1.041240236987502641e+02
2.995818511951904952e+02 1.043375826373336253e+02
2.996368921587429099e+02 1.045511415759169864e+02
2.996919331222953247e+02 1.047647005145003476e+02
2.996919331222953247e+02 1.047647005145003476e+02
2.997469740858477394e+02 1.049782594530837088e+02
2.998020150494001541e+02 1.051918183916670699e+02
2.998570560129525688e+02 1.054053773302504311e+02
2.999120969765049836e+02 1.056189362688337923e+02
2.999120969765049836e+02 1.056189362688337923e+02
2.999671379400573983e+02 1.058324952074171534e+02
3.000221789036098130e+02 1.060460541460005146e+02
3.000772198671622277e+02 1.062596130845838758e+02
3.001322608307146425e+02 1.064731720231672369e+02
3.001322608307146425e+02 1.064731720231672369e+02
3.001873017942670572e+02 1.066867309617505981e+02
3.002423427578194719e+02 1.069002899003339593e+02
3.002973837213718866e+02 1.071138488389173204e+02
3.003524246849243013e+02 1.073274077775006816e+02
3.003524246849243013e+02 1.073274077775006816e+02
3.004074656484767161e+02 1.075409667160840428e+02
3.004625066120291308e+02 1.077545256546674040e+02
3.005175475755815455e+02 1.079680845932507651e+02
3.005725885391339602e+02 1.081816435318341263e+02
3.005725885391339602e+02 1.081816435318341263e+02
3.006276295026863750e+02 1.083952024704174875e+02
3.006826704662387897e+02 1.086087614090008486e+02
3.007377114297912044e+02 1.088223203475842098e+02
3.007927523933436191e+02 1.090358792861675710e+02
3.007927523933436191e+02 1.090358792861675710e+02
3.008477933568960339e+02 1.092494382247509321e+02
3.009028343204484486e+02 1.094629971633342933e+02
3.009578752840008633e+02 1.096765561019176545e+02
3.010129162475532780e+02 1.098901150405010156e+02
3.010129162475532780e+02 1.098901150405010156e+02
3.010473168497735514e+02 1.100235893771156128e+02
3.010913711157452894e+02 1.101945199290860558e+02
3.011468404201045814e+02 1.104097408300000609e+02
3.012146017480172873e+02 1.106726547823013078e+02
3.012146017480172873e+02 1.106726547823013078e+02
3.012700710523765792e+02 1.108878756832153130e+02
3.013255403567358712e+02 1.111030965841293181e+02
3.013843241315780688e+02 1.113311776305170895e+02
3.014492310580335470e+02 1.115830165051642666e+02
3.014492310580335470e+02 1.115830165051642666e+02
3.015047003623928390e+02 1.117982374060782718e+02
3.015601696667521310e+02 1.120134583069922769e+02
3.016189534415943285e+02 1.122415393533800483e+02
3.016838603680498068e+02 1.124933782280272254e+02
3.016838603680498068e+02 1.124933782280272254e+02
3.017461625084674779e+02 1.127351105328477416e+02
3.017948123066811945e+02 1.129238717499168558e+02
3.018349299580211778e+02 1.130795282371160795e+02
3.018750476093611610e+02 1.132351847243153031e+02
3.018750476093611610e+02 1.132351847243153031e+02
3.019300885729135757e+02 1.134487436628986643e+02
3.019851295364659904e+02 1.136623026014820255e+02
3.020401705000184052e+02 1.138758615400653866e+02
3.020952114635708199e+02 1.140894204786487478e+02
3.020952114635708199e+02 1.140894204786487478e+02
3.021629727914835257e+02 1.143523344309499947e+02
3.022184420958428177e+02 1.145675553318639999e+02
3.022624963618145557e+02 1.147384858838344428e+02
3.022968969640348291e+02 1.148719602204490400e+02
3.022968969640348291e+02 1.148719602204490400e+02
3.023591991044525003e+02 1.151136925252695562e+02
3.024078489026662169e+02 1.153024537423386704e+02
3.024479665540062001e+02 1.154581102295378940e+02
3.024880842053461834e+02 1.156137667167371177e+02
3.024880842053461834e+02 1.156137667167371177e+02
3.025270040439171453e+02 1.157647756903924119e+02
3.025659238824881072e+02 1.159157846640477061e+02
3.026048437210590691e+02 1.160667936377030003e+02
3.026437635596300311e+02 1.162178026113582945e+02
3.026437635596300311e+02 1.162178026113582945e+02
3.026826833982009930e+02 1.163688115850135887e+02
3.027216032367719549e+02 1.165198205586688829e+02
3.027605230753429169e+02 1.166708295323241771e+02
3.027994429139138788e+02 1.168218385059794713e+02
3.027994429139138788e+02 1.168218385059794713e+02
3.028383627524848407e+02 1.169728474796347655e+02
3.028772825910558026e+02 1.171238564532900597e+02
3.029162024296267646e+02 1.172748654269453539e+02
3.029551222681977265e+02 1.174258744006006481e+02
3.029551222681977265e+02 1.174258744006006481e+02
3.030200291946532047e+02 1.176777132752478252e+02
3.030788129694954023e+02 1.179057943216355966e+02
3.031342822738546943e+02 1.181210152225496017e+02
3.031897515782139862e+02 1.183362361234636069e+02
3.031897515782139862e+02 1.183362361234636069e+02
3.032546585046694645e+02 1.185880749981107840e+02
3.033134422795116620e+02 1.188161560444985554e+02
3.033689115838709540e+02 1.190313769454125605e+02
3.034243808882302460e+02 1.192465978463265657e+02
3.034243808882302460e+02 1.192465978463265657e+02
3.034633007268012079e+02 1.193976068199818599e+02
3.035022205653721699e+02 1.195486157936371541e+02
3.035411404039431318e+02 1.196996247672924483e+02
3.035800602425140937e+02 1.198506337409477425e+02
3.035800602425140937e+02 1.198506337409477425e+02
3.036351012060665084e+02 1.200641926795311036e+02
3.036901421696189232e+02 1.202777516181144648e+02
3.037451831331713379e+02 1.204913105566978260e+02
3.038002240967237526e+02 1.207048694952811871e+02
3.038002240967237526e+02 1.207048694952811871e+02
3.038552650602761673e+02 1.209184284338645483e+02
3.039103060238285821e+02 1.211319873724479095e+02
3.039653469873809968e+02 1.213455463110312706e+02
3.040203879509334115e+02 1.215591052496146318e+02
3.040203879509334115e+02 1.215591052496146318e+02
3.040754289144858262e+02 1.217726641881979930e+02
3.041304698780382409e+02 1.219862231267813542e+02
3.041855108415906557e+02 1.221997820653647153e+02
3.042405518051430704e+02 1.224133410039480765e+02
3.042405518051430704e+02 1.224133410039480765e+02
3.042806694564830536e+02 1.225689974911473001e+02
3.043207871078230369e+02 1.227246539783465238e+02
3.043694369060367535e+02 1.229134151954156380e+02
3.044317390464544246e+02 1.231551475002361542e+02
3.044317390464544246e+02 1.231551475002361542e+02
3.044867800100068393e+02 1.233687064388195154e+02
3.045418209735592541e+02 1.235822653774028765e+02
3.045968619371116688e+02 1.237958243159862377e+02
3.046519029006640835e+02 1.240093832545695989e+02
3.046519029006640835e+02 1.240093832545695989e+02
3.047069438642164982e+02 1.242229421931529600e+02
3.047619848277689130e+02 1.244365011317363212e+02
3.048170257913213277e+02 1.246500600703196824e+02
3.048720667548737424e+02 1.248636190089030436e+02
3.048720667548737424e+02 1.248636190089030436e+02
3.049271077184261571e+02 1.250771779474864047e+02
3.049821486819785719e+02 1.252907368860697659e+02
3.050371896455309866e+02 1.255042958246531271e+02
3.050922306090834013e+02 1.257178547632364882e+02
3.050922306090834013e+02 1.257178547632364882e+02
3.051472715726358160e+02 1.259314137018198494e+02
3.052023125361882308e+02 1.261449726404032106e+02
3.052573534997406455e+02 1.263585315789865717e+02
3.053123944632930602e+02 1.265720905175699329e+02
3.053123944632930602e+02 1.265720905175699329e+02
3.053674354268454749e+02 1.267856494561532941e+02
3.054224763903978896e+02 1.269992083947366552e+02
3.054775173539503044e+02 1.272127673333200164e+02
3.055325583175027191e+02 1.274263262719033776e+02
3.055325583175027191e+02 1.274263262719033776e+02
3.055875992810551338e+02 1.276398852104867387e+02
3.056426402446075485e+02 1.278534441490700999e+02
3.056976812081599633e+02 1.280670030876534611e+02
3.057527221717123780e+02 1.282805620262368222e+02
3.057527221717123780e+02 1.282805620262368222e+02
3.058077631352647927e+02 1.284941209648201834e+02
3.058628040988172074e+02 1.287076799034035446e+02
3.059178450623696222e+02 1.289212388419869058e+02
3.059728860259220369e+02 1.291347977805702669e+02
3.059728860259220369e+02 1.291347977805702669e+02
3.060279269894744516e+02 1.293483567191536281e+02
3.060829679530268663e+02 1.295619156577369893e+02
3.061380089165792810e+02 1.297754745963203504e+02
3.061930498801316958e+02 1.299890335349037116e+02
3.061930498801316958e+02 1.299890335349037116e+02
3.062331675314716790e+02 1.301446900221029352e+02
3.062732851828116623e+02 1.303003465093021589e+02
3.063219349810253789e+02 1.304891077263712873e+02
3.063842371214430500e+02 1.307308400311918035e+02
3.063842371214430500e+02 1.307308400311918035e+02
3.064243547727830332e+02 1.308864965183910272e+02
3.064644724241230165e+02 1.310421530055902508e+02
3.065131222223367331e+02 1.312309142226593792e+02
3.065754243627544042e+02 1.314726465274798954e+02
3.065754243627544042e+02 1.314726465274798954e+02
3.066155420140943875e+02 1.316283030146791191e+02
3.066556596654343707e+02 1.317839595018783427e+02
3.067043094636480873e+02 1.319727207189474711e+02
3.067666116040657585e+02 1.322144530237679874e+02
3.067666116040657585e+02 1.322144530237679874e+02
3.068067292554057417e+02 1.323701095109672110e+02
3.068468469067457249e+02 1.325257659981664347e+02
3.068954967049594416e+02 1.327145272152355631e+02
3.069577988453771127e+02 1.329562595200560793e+02
3.069577988453771127e+02 1.329562595200560793e+02
3.069979164967170959e+02 1.331119160072553029e+02
3.070380341480570792e+02 1.332675724944545266e+02
3.070866839462707958e+02 1.334563337115236550e+02
3.071489860866884669e+02 1.336980660163441712e+02
3.071489860866884669e+02 1.336980660163441712e+02
3.071879059252594288e+02 1.338490749899994512e+02
3.072268257638303908e+02 1.340000839636547312e+02
3.072657456024013527e+02 1.341510929373100112e+02
3.073046654409723146e+02 1.343021019109652912e+02
3.073046654409723146e+02 1.343021019109652912e+02
3.073669675813899858e+02 1.345438342157858074e+02
3.074156173796037024e+02 1.347325954328549358e+02
3.074557350309436856e+02 1.348882519200541594e+02
3.074958526822836689e+02 1.350439084072533831e+02
3.074958526822836689e+02 1.350439084072533831e+02
3.075581548227013400e+02 1.352856407120738993e+02
3.076068046209150566e+02 1.354744019291430277e+02
3.076469222722550398e+02 1.356300584163422513e+02
3.076870399235950231e+02 1.357857149035414750e+02
3.076870399235950231e+02 1.357857149035414750e+02
3.077493420640126942e+02 1.360274472083619912e+02
3.077979918622264108e+02 1.362162084254311196e+02
3.078381095135663941e+02 1.363718649126303433e+02
3.078782271649063773e+02 1.365275213998295669e+02
3.078782271649063773e+02 1.365275213998295669e+02
3.079405293053240484e+02 1.367692537046500831e+02
3.079891791035377651e+02 1.369580149217192115e+02
3.080292967548777483e+02 1.371136714089184352e+02
3.080694144062177315e+02 1.372693278961176588e+02
3.080694144062177315e+02 1.372693278961176588e+02
3.081038150084380050e+02 1.374028022327322560e+02
3.081478692744097430e+02 1.375737327847026847e+02
3.082033385787690349e+02 1.377889536856166899e+02
3.082710999066817408e+02 1.380518676379179226e+02
3.082710999066817408e+02 1.380518676379179226e+02
3.083334020470994119e+02 1.382935999427384388e+02
3.083820518453131285e+02 1.384823611598075672e+02
3.084221694966531118e+02 1.386380176470067909e+02
3.084622871479930950e+02 1.387936741342060145e+02
3.084622871479930950e+02 1.387936741342060145e+02
3.085024047993330782e+02 1.389493306214052382e+02
3.085425224506730615e+02 1.391049871086044618e+02
3.085911722488867781e+02 1.392937483256735902e+02
3.086534743893044492e+02 1.395354806304941064e+02
3.086534743893044492e+02 1.395354806304941064e+02
3.086935920406444325e+02 1.396911371176933301e+02
3.087337096919844157e+02 1.398467936048925537e+02
3.087823594901981323e+02 1.400355548219616821e+02
3.088446616306158035e+02 1.402772871267821984e+02
3.088446616306158035e+02 1.402772871267821984e+02
3.088835814691867654e+02 1.404282961004374783e+02
3.089225013077577273e+02 1.405793050740927583e+02
3.089614211463286892e+02 1.407303140477480383e+02
3.090003409848996512e+02 1.408813230214033183e+02
3.090003409848996512e+02 1.408813230214033183e+02
3.090652479113551294e+02 1.411331618960504954e+02
3.091240316861973270e+02 1.413612429424382810e+02
3.091795009905566189e+02 1.415764638433522862e+02
3.092349702949159109e+02 1.417916847442662913e+02
3.092349702949159109e+02 1.417916847442662913e+02
3.092738901334868729e+02 1.419426937179215713e+02
3.093128099720578348e+02 1.420937026915768513e+02
3.093517298106287967e+02 1.422447116652321313e+02
3.093906496491997586e+02 1.423957206388874113e+02
3.093906496491997586e+02 1.423957206388874113e+02
3.094295694877707206e+02 1.425467296125426913e+02
3.094684893263416825e+02 1.426977385861979712e+02
3.095074091649126444e+02 1.428487475598532512e+02
3.095463290034836064e+02 1.429997565335085312e+02
3.095463290034836064e+02 1.429997565335085312e+02
3.096086311439012775e+02 1.432414888383290474e+02
3.096572809421149941e+02 1.434302500553981758e+02
3.096973985934549773e+02 1.435859065425973995e+02
3.097375162447949606e+02 1.437415630297966231e+02
3.097375162447949606e+02 1.437415630297966231e+02
3.097998183852126317e+02 1.439832953346171394e+02
3.098484681834263483e+02 1.441720565516862678e+02
3.098885858347663316e+02 1.443277130388854914e+02
3.099287034861063148e+02 1.444833695260847151e+02
3.099287034861063148e+02 1.444833695260847151e+02
3.099910056265239859e+02 1.447251018309052313e+02
3.100396554247377026e+02 1.449138630479743597e+02
3.100797730760776858e+02 1.450695195351735833e+02
3.101198907274176690e+02 1.452251760223728070e+02
3.101198907274176690e+02 1.452251760223728070e+02
3.101588105659886310e+02 1.453761849960280870e+02
3.101977304045595929e+02 1.455271939696833670e+02
3.102366502431305548e+02 1.456782029433386469e+02
3.102755700817015168e+02 1.458292119169939269e+02
3.102755700817015168e+02 1.458292119169939269e+02
3.103378722221191879e+02 1.460709442218144432e+02
3.103865220203329045e+02 1.462597054388835716e+02
3.104266396716728877e+02 1.464153619260827952e+02
3.104667573230128710e+02 1.465710184132820189e+02
3.104667573230128710e+02 1.465710184132820189e+02
3.105316642494683492e+02 1.468228572879291960e+02
3.105904480243105468e+02 1.470509383343169816e+02
3.106459173286698388e+02 1.472661592352309867e+02
3.107013866330291307e+02 1.474813801361449919e+02
3.107013866330291307e+02 1.474813801361449919e+02
3.107691479609418366e+02 1.477442940884462246e+02
3.108246172653011286e+02 1.479595149893602297e+02
3.108686715312728666e+02 1.481304455413306584e+02
3.109030721334931400e+02 1.482639198779452556e+02
3.109030721334931400e+02 1.482639198779452556e+02
3.109419919720641019e+02 1.484149288516005356e+02
3.109809118106350638e+02 1.485659378252558156e+02
3.110198316492060258e+02 1.487169467989110956e+02
3.110587514877769877e+02 1.488679557725663756e+02
3.110587514877769877e+02 1.488679557725663756e+02
3.110976713263479496e+02 1.490189647462216556e+02
3.111365911649189115e+02 1.491699737198769355e+02
3.111755110034898735e+02 1.493209826935322155e+02
3.112144308420608354e+02 1.494719916671874955e+02
3.112144308420608354e+02 1.494719916671874955e+02
3.112767329824785065e+02 1.497137239720080117e+02
3.113253827806922232e+02 1.499024851890771401e+02
3.113655004320322064e+02 1.500581416762763638e+02
3.114056180833721896e+02 1.502137981634755874e+02
3.114056180833721896e+02 1.502137981634755874e+02
3.114445379219431516e+02 1.503648071371308674e+02
3.114834577605141135e+02 1.505158161107861474e+02
3.115223775990850754e+02 1.506668250844414274e+02
3.115612974376560373e+02 1.508178340580967074e+02
3.115612974376560373e+02 1.508178340580967074e+02
3.116002172762269993e+02 1.509688430317519874e+02
3.116391371147979612e+02 1.511198520054072674e+02
3.116780569533689231e+02 1.512708609790625474e+02
3.117169767919398851e+02 1.514218699527178273e+02
3.117169767919398851e+02 1.514218699527178273e+02
3.117792789323575562e+02 1.516636022575383436e+02
3.118279287305712728e+02 1.518523634746074720e+02
3.118680463819112560e+02 1.520080199618066956e+02
3.119081640332512393e+02 1.521636764490059193e+02
3.119081640332512393e+02 1.521636764490059193e+02
3.119470838718222012e+02 1.523146854226611993e+02
3.119860037103931631e+02 1.524656943963164792e+02
3.120249235489641251e+02 1.526167033699717592e+02
3.120638433875350870e+02 1.527677123436270392e+02
3.120638433875350870e+02 1.527677123436270392e+02
3.121027632261060489e+02 1.529187213172823192e+02
3.121416830646770109e+02 1.530697302909375992e+02
3.121806029032479728e+02 1.532207392645928792e+02
3.122195227418189347e+02 1.533717482382481592e+02
3.122195227418189347e+02 1.533717482382481592e+02
3.122584425803898966e+02 1.535227572119034392e+02
3.122973624189608586e+02 1.536737661855587191e+02
3.123362822575318205e+02 1.538247751592139991e+02
3.123752020961027824e+02 1.539757841328692791e+02
3.123752020961027824e+02 1.539757841328692791e+02
3.124153197474427657e+02 1.541314406200685028e+02
3.124554373987827489e+02 1.542870971072677264e+02
3.125040871969964655e+02 1.544758583243368548e+02
3.125663893374141367e+02 1.547175906291573710e+02
3.125663893374141367e+02 1.547175906291573710e+02
3.126365530742143051e+02 1.549898259279420358e+02
3.126800667765733124e+02 1.551586590930948830e+02
3.127235804789323197e+02 1.553274922582477302e+02
3.127937442157324881e+02 1.555997275570323950e+02
3.127937442157324881e+02 1.555997275570323950e+02
3.128615055436451939e+02 1.558626415093336277e+02
3.129169748480044859e+02 1.560778624102476329e+02
3.129610291139762239e+02 1.562487929622180616e+02
3.129954297161964973e+02 1.563822672988326588e+02
3.129954297161964973e+02 1.563822672988326588e+02
3.130343495547674593e+02 1.565332762724879387e+02
3.130732693933384212e+02 1.566842852461432187e+02
3.131121892319093831e+02 1.568352942197984987e+02
3.131511090704803451e+02 1.569863031934537787e+02
3.131511090704803451e+02 1.569863031934537787e+02
3.132188703983930509e+02 1.572492171457550114e+02
3.132743397027523429e+02 1.574644380466690166e+02
3.133183939687240809e+02 1.576353685986394453e+02
3.133527945709443543e+02 1.577688429352540425e+02
3.133527945709443543e+02 1.577688429352540425e+02
3.134150967113620254e+02 1.580105752400745587e+02
3.134637465095757420e+02 1.581993364571436871e+02
3.135038641609157253e+02 1.583549929443429107e+02
3.135439818122557085e+02 1.585106494315421344e+02
3.135439818122557085e+02 1.585106494315421344e+02
3.135840994635956918e+02 1.586663059187413580e+02
3.136242171149356750e+02 1.588219624059405817e+02
3.136728669131493916e+02 1.590107236230097101e+02
3.137351690535670627e+02 1.592524559278302263e+02
3.137351690535670627e+02 1.592524559278302263e+02
3.137740888921380247e+02 1.594034649014855063e+02
3.138130087307089866e+02 1.595544738751407863e+02
3.138519285692799485e+02 1.597054828487960663e+02
3.138908484078509105e+02 1.598564918224513463e+02
3.138908484078509105e+02 1.598564918224513463e+02
3.139531505482685816e+02 1.600982241272718625e+02
3.140018003464822982e+02 1.602869853443409909e+02
3.140419179978222814e+02 1.604426418315402145e+02
3.140820356491622647e+02 1.605982983187394382e+02
3.140820356491622647e+02 1.605982983187394382e+02
3.141469425756177429e+02 1.608501371933866153e+02
3.142057263504599405e+02 1.610782182397744009e+02
3.142611956548192325e+02 1.612934391406884060e+02
3.143166649591785244e+02 1.615086600416024112e+02
3.143166649591785244e+02 1.615086600416024112e+02
3.143789670995961956e+02 1.617503923464229274e+02
3.144276168978099122e+02 1.619391535634920558e+02
3.144677345491498954e+02 1.620948100506912795e+02
3.145078522004898787e+02 1.622504665378905031e+02
3.145078522004898787e+02 1.622504665378905031e+02
3.145633215048491707e+02 1.624656874388045082e+02
3.146187908092084626e+02 1.626809083397185134e+02
3.146775745840506602e+02 1.629089893861062990e+02
3.147424815105061384e+02 1.631608282607534761e+02
3.147424815105061384e+02 1.631608282607534761e+02
3.147975224740585531e+02 1.633743871993368373e+02
3.148525634376109679e+02 1.635879461379201985e+02
3.149076044011633826e+02 1.638015050765035596e+02
3.149626453647157973e+02 1.640150640150869208e+02
3.149626453647157973e+02 1.640150640150869208e+02
3.150027630160557806e+02 1.641707205022861444e+02
3.150428806673957638e+02 1.643263769894853681e+02
3.150915304656094804e+02 1.645151382065544965e+02
3.151538326060271515e+02 1.647568705113750127e+02
3.151538326060271515e+02 1.647568705113750127e+02
3.152088735695795663e+02 1.649704294499583739e+02
3.152639145331319810e+02 1.651839883885417350e+02
3.153189554966843957e+02 1.653975473271250962e+02
3.153739964602368104e+02 1.656111062657084574e+02
3.153739964602368104e+02 1.656111062657084574e+02
3.154294657645961024e+02 1.658263271666224625e+02
3.154849350689553944e+02 1.660415480675364677e+02
3.155437188437975919e+02 1.662696291139242533e+02
3.156086257702530702e+02 1.665214679885714304e+02
3.156086257702530702e+02 1.665214679885714304e+02
3.156636667338054849e+02 1.667350269271547916e+02
3.157187076973578996e+02 1.669485858657381527e+02
3.157737486609103144e+02 1.671621448043215139e+02
3.158287896244627291e+02 1.673757037429048751e+02
3.158287896244627291e+02 1.673757037429048751e+02
3.158910917648804002e+02 1.676174360477253913e+02
3.159397415630941168e+02 1.678061972647945197e+02
3.159798592144341001e+02 1.679618537519937433e+02
3.160199768657740833e+02 1.681175102391929670e+02
3.160199768657740833e+02 1.681175102391929670e+02
3.160750178293264980e+02 1.683310691777763282e+02
3.161300587928789128e+02 1.685446281163596893e+02
3.161850997564313275e+02 1.687581870549430505e+02
3.162401407199837422e+02 1.689717459935264117e+02
3.162401407199837422e+02 1.689717459935264117e+02
3.162951816835361569e+02 1.691853049321097728e+02
3.163502226470885716e+02 1.693988638706931340e+02
3.164052636106409864e+02 1.696124228092764952e+02
3.164603045741934011e+02 1.698259817478598563e+02
3.164603045741934011e+02 1.698259817478598563e+02
3.165153455377458158e+02 1.700395406864432175e+02
3.165703865012982305e+02 1.702530996250265787e+02
3.166254274648506453e+02 1.704666585636099398e+02
3.166804684284030600e+02 1.706802175021933010e+02
3.166804684284030600e+02 1.706802175021933010e+02
3.167699099941757481e+02 1.710272507773912594e+02
3.168455913190603042e+02 1.713208943179433845e+02
3.169075124030567849e+02 1.715611481238496481e+02
3.169556732461651336e+02 1.717480121951100784e+02
3.169556732461651336e+02 1.717480121951100784e+02
3.170107142097175483e+02 1.719615711336934396e+02
3.170657551732699631e+02 1.721751300722768008e+02
3.171207961368223778e+02 1.723886890108601619e+02
3.171758371003747925e+02 1.726022479494435231e+02
3.171758371003747925e+02 1.726022479494435231e+02
3.172308780639272072e+02 1.728158068880268843e+02
3.172859190274796219e+02 1.730293658266102454e+02
3.173409599910320367e+02 1.732429247651936066e+02
3.173960009545844514e+02 1.734564837037769678e+02
3.173960009545844514e+02 1.734564837037769678e+02
3.174510419181368661e+02 1.736700426423603290e+02
3.175060828816892808e+02 1.738836015809436901e+02
3.175611238452416956e+02 1.740971605195270513e+02
3.176161648087941103e+02 1.743107194581104125e+02
3.176161648087941103e+02 1.743107194581104125e+02
3.176784669492117814e+02 1.745524517629309287e+02
3.177271167474254980e+02 1.747412129800000571e+02
3.177672343987654813e+02 1.748968694671992807e+02
3.178073520501054645e+02 1.750525259543985044e+02
3.178073520501054645e+02 1.750525259543985044e+02
3.178628213544647565e+02 1.752677468553125095e+02
3.179182906588240485e+02 1.754829677562265147e+02
3.179770744336662460e+02 1.757110488026143003e+02
3.180419813601217243e+02 1.759628876772614774e+02
3.180419813601217243e+02 1.759628876772614774e+02
3.180763819623419977e+02 1.760963620138760746e+02
3.181204362283137357e+02 1.762672925658465033e+02
3.181759055326730277e+02 1.764825134667605084e+02
3.182436668605857335e+02 1.767454274190617411e+02
3.182436668605857335e+02 1.767454274190617411e+02
3.183059690010034046e+02 1.769871597238822574e+02
3.183546187992171212e+02 1.771759209409513858e+02
3.183947364505571045e+02 1.773315774281506094e+02
3.184348541018970877e+02 1.774872339153498331e+02
3.184348541018970877e+02 1.774872339153498331e+02
3.184749717532370710e+02 1.776428904025490567e+02
3.185150894045770542e+02 1.777985468897482804e+02
3.185637392027907708e+02 1.779873081068174088e+02
3.186260413432084420e+02 1.782290404116379250e+02
3.186260413432084420e+02 1.782290404116379250e+02
3.186938026711211478e+02 1.784919543639391577e+02
3.187492719754804398e+02 1.787071752648531628e+02
3.187933262414521778e+02 1.788781058168235916e+02
3.188277268436724512e+02 1.790115801534381887e+02
3.188277268436724512e+02 1.790115801534381887e+02
3.188678444950124344e+02 1.791672366406374124e+02
3.189079621463524177e+02 1.793228931278366360e+02
3.189566119445661343e+02 1.795116543449057644e+02
3.190189140849838054e+02 1.797533866497262807e+02
3.190189140849838054e+02 1.797533866497262807e+02
3.190866754128965113e+02 1.800163006020275134e+02
3.191421447172558032e+02 1.802315215029415185e+02
3.191861989832275412e+02 1.804024520549119472e+02
3.192205995854478147e+02 1.805359263915265444e+02
3.192205995854478147e+02 1.805359263915265444e+02
3.192595194240187766e+02 1.806869353651818244e+02
3.192984392625897385e+02 1.808379443388371044e+02
3.193373591011607004e+02 1.809889533124923844e+02
3.193762789397316624e+02 1.811399622861476644e+02
3.193762789397316624e+02 1.811399622861476644e+02
3.194440402676443682e+02 1.814028762384488971e+02
3.194995095720036602e+02 1.816180971393629022e+02
3.195435638379753982e+02 1.817890276913333309e+02
3.195779644401956716e+02 1.819225020279479281e+02
3.195779644401956716e+02 1.819225020279479281e+02
3.196168842787666335e+02 1.820735110016032081e+02
3.196558041173375955e+02 1.822245199752584881e+02
3.196947239559085574e+02 1.823755289489137681e+02
3.197336437944795193e+02 1.825265379225690481e+02
3.197336437944795193e+02 1.825265379225690481e+02
3.197680443966997927e+02 1.826600122591836453e+02
3.198120986626715307e+02 1.828309428111540740e+02
3.198675679670308227e+02 1.830461637120680791e+02
3.199353292949435286e+02 1.833090776643693118e+02
3.199353292949435286e+02 1.833090776643693118e+02
3.199742491335144905e+02 1.834600866380245918e+02
3.200131689720854524e+02 1.836110956116798718e+02
3.200520888106564144e+02 1.837621045853351518e+02
3.200910086492273763e+02 1.839131135589904318e+02
3.200910086492273763e+02 1.839131135589904318e+02
3.201254092514476497e+02 1.840465878956050290e+02
3.201694635174193877e+02 1.842175184475754577e+02
3.202249328217786797e+02 1.844327393484894628e+02
3.202926941496913855e+02 1.846956533007906955e+02
3.202926941496913855e+02 1.846956533007906955e+02
3.203604554776040914e+02 1.849585672530919283e+02
3.204159247819633833e+02 1.851737881540059334e+02
3.204599790479351213e+02 1.853447187059763621e+02
3.204943796501553948e+02 1.854781930425909593e+02
3.204943796501553948e+02 1.854781930425909593e+02
3.205344973014953780e+02 1.856338495297901829e+02
3.205746149528353612e+02 1.857895060169894066e+02
3.206232647510490779e+02 1.859782672340585350e+02
3.206855668914667490e+02 1.862199995388790512e+02
3.206855668914667490e+02 1.862199995388790512e+02
3.207244867300377109e+02 1.863710085125343312e+02
3.207634065686086728e+02 1.865220174861896112e+02
3.208023264071796348e+02 1.866730264598448912e+02
3.208412462457505967e+02 1.868240354335001712e+02
3.208412462457505967e+02 1.868240354335001712e+02
3.208801660843215586e+02 1.869750444071554512e+02
3.209190859228925206e+02 1.871260533808107311e+02
3.209580057614634825e+02 1.872770623544660111e+02
3.209969256000344444e+02 1.874280713281212911e+02
3.209969256000344444e+02 1.874280713281212911e+02
3.210592277404521155e+02 1.876698036329418073e+02
3.211078775386658322e+02 1.878585648500109357e+02
3.211479951900058154e+02 1.880142213372101594e+02
3.211881128413457986e+02 1.881698778244093830e+02
3.211881128413457986e+02 1.881698778244093830e+02
3.212530197678012769e+02 1.884217166990565602e+02
3.213118035426434744e+02 1.886497977454443458e+02
3.213672728470027664e+02 1.888650186463583509e+02
3.214227421513620584e+02 1.890802395472723560e+02
3.214227421513620584e+02 1.890802395472723560e+02
3.214628598027020416e+02 1.892358960344715797e+02
3.215029774540420249e+02 1.893915525216708033e+02
3.215516272522557415e+02 1.895803137387399318e+02
3.216139293926734126e+02 1.898220460435604480e+02
3.216139293926734126e+02 1.898220460435604480e+02
3.216816907205861185e+02 1.900849599958616807e+02
3.217371600249454104e+02 1.903001808967756858e+02
3.217812142909171484e+02 1.904711114487461145e+02
3.218156148931374219e+02 1.906045857853607117e+02
3.218156148931374219e+02 1.906045857853607117e+02
3.218557325444774051e+02 1.907602422725599354e+02
3.218958501958173883e+02 1.909158987597591590e+02
3.219444999940311050e+02 1.911046599768282874e+02
3.220068021344487761e+02 1.913463922816488036e+02
3.220068021344487761e+02 1.913463922816488036e+02
3.220745634623614819e+02 1.916093062339500364e+02
3.221300327667207739e+02 1.918245271348640415e+02
3.221740870326925119e+02 1.919954576868344702e+02
3.222084876349127853e+02 1.921289320234490674e+02
3.222084876349127853e+02 1.921289320234490674e+02
3.222707897753304565e+02 1.923706643282695836e+02
3.223194395735441731e+02 1.925594255453387120e+02
3.223595572248841563e+02 1.927150820325379357e+02
3.223996748762241396e+02 1.928707385197371593e+02
3.223996748762241396e+02 1.928707385197371593e+02
3.224385947147951015e+02 1.930217474933924393e+02
3.224775145533660634e+02 1.931727564670477193e+02
3.225164343919370253e+02 1.933237654407029993e+02
3.225553542305079873e+02 1.934747744143582793e+02
3.225553542305079873e+02 1.934747744143582793e+02
3.226519213226924307e+02 1.938494547320338768e+02
3.227210656774134918e+02 1.941177348283515300e+02
3.227672189284323281e+02 1.942968094423046921e+02
3.228042695109164697e+02 1.944405657023432070e+02
3.228042695109164697e+02 1.944405657023432070e+02
3.228691764373719479e+02 1.946924045769903842e+02
3.229279602122141455e+02 1.949204856233781697e+02
3.229834295165734375e+02 1.951357065242921749e+02
3.230388988209327294e+02 1.953509274252061800e+02
3.230388988209327294e+02 1.953509274252061800e+02
3.231012009613504006e+02 1.955926597300266963e+02
3.231498507595641172e+02 1.957814209470958247e+02
3.231899684109041004e+02 1.959370774342950483e+02
3.232300860622440837e+02 1.960927339214942720e+02
3.232300860622440837e+02 1.960927339214942720e+02
3.232949929886995619e+02 1.963445727961414491e+02
3.233537767635417595e+02 1.965726538425292347e+02
3.234092460679010514e+02 1.967878747434432398e+02
3.234647153722603434e+02 1.970030956443572450e+02
3.234647153722603434e+02 1.970030956443572450e+02
3.235270175126780146e+02 1.972448279491777612e+02
3.235756673108917312e+02 1.974335891662468896e+02
3.236157849622317144e+02 1.975892456534461132e+02
3.236559026135716977e+02 1.977449021406453369e+02
3.236559026135716977e+02 1.977449021406453369e+02
3.237208095400271759e+02 1.979967410152925140e+02
3.237795933148693734e+02 1.982248220616802996e+02
3.238350626192286654e+02 1.984400429625943048e+02
3.238905319235879574e+02 1.986552638635083099e+02
3.238905319235879574e+02 1.986552638635083099e+02
3.239306495749279406e+02 1.988109203507075335e+02
3.239707672262679239e+02 1.989665768379067572e+02
3.240194170244816405e+02 1.991553380549758856e+02
3.240817191648993116e+02 1.993970703597964018e+02
3.240817191648993116e+02 1.993970703597964018e+02
3.241218368162392949e+02 1.995527268469956255e+02
3.241619544675792781e+02 1.997083833341948491e+02
3.242106042657929947e+02 1.998971445512639775e+02
3.242729064062106659e+02 2.001388768560844937e+02
3.242729064062106659e+02 2.001388768560844937e+02
3.243352085466283370e+02 2.003806091609050100e+02
3.243838583448420536e+02 2.005693703779741384e+02
3.244239759961820369e+02 2.007250268651733620e+02
3.244640936475220201e+02 2.008806833523725857e+02
3.244640936475220201e+02 2.008806833523725857e+02
3.245191346110744348e+02 2.010942422909559468e+02
3.245741755746268495e+02 2.013078012295393080e+02
3.246292165381792643e+02 2.015213601681226692e+02
3.246842575017316790e+02 2.017349191067060303e+02
3.246842575017316790e+02 2.017349191067060303e+02
3.247243751530716622e+02 2.018905755939052540e+02
3.247644928044116455e+02 2.020462320811044776e+02
3.248131426026253621e+02 2.022349932981736060e+02
3.248754447430430332e+02 2.024767256029941223e+02
3.248754447430430332e+02 2.024767256029941223e+02
3.249155623943830165e+02 2.026323820901933459e+02
3.249556800457229997e+02 2.027880385773925696e+02
3.250043298439367163e+02 2.029767997944616980e+02
3.250666319843543874e+02 2.032185320992822142e+02
3.250666319843543874e+02 2.032185320992822142e+02
3.251624609732929230e+02 2.035903485763637377e+02
3.252409064158132423e+02 2.038947168933424905e+02
3.253032085562309135e+02 2.041364491981630067e+02
3.253518583544446301e+02 2.043252104152321351e+02
3.253518583544446301e+02 2.043252104152321351e+02
3.254068993179970448e+02 2.045387693538154963e+02
3.254619402815494595e+02 2.047523282923988575e+02
3.255169812451018743e+02 2.049658872309822186e+02
3.255720222086542890e+02 2.051794461695655798e+02
3.255720222086542890e+02 2.051794461695655798e+02
3.256270631722067037e+02 2.053930051081489410e+02
3.256821041357591184e+02 2.056065640467323021e+02
3.257371450993115332e+02 2.058201229853156633e+02
3.257921860628639479e+02 2.060336819238990245e+02
3.257921860628639479e+02 2.060336819238990245e+02
3.258323037142039311e+02 2.061893384110982481e+02
3.258724213655439144e+02 2.063449948982974718e+02
3.259210711637576310e+02 2.065337561153666002e+02
3.259833733041753021e+02 2.067754884201871164e+02
3.259833733041753021e+02 2.067754884201871164e+02
3.260456754445929732e+02 2.070172207250076326e+02
3.260943252428066899e+02 2.072059819420767610e+02
3.261344428941466731e+02 2.073616384292759847e+02
3.261745605454866563e+02 2.075172949164752083e+02
3.261745605454866563e+02 2.075172949164752083e+02
3.262423218733993622e+02 2.077802088687764410e+02
3.262977911777586542e+02 2.079954297696904462e+02
3.263418454437303922e+02 2.081663603216608749e+02
3.263762460459506656e+02 2.082998346582754721e+02
3.263762460459506656e+02 2.082998346582754721e+02
3.264258593000354836e+02 2.084923340841244510e+02
3.264999604650037668e+02 2.087798466042014809e+02
3.266001365307721471e+02 2.091685297393827057e+02
3.267269996833830419e+02 2.096607587715130876e+02
3.267269996833830419e+02 2.096607587715130876e+02
3.267553671466908440e+02 2.097708245291473474e+02
3.268108364510501360e+02 2.099860454300613526e+02
3.269044162063664203e+02 2.103491348806886378e+02
3.270380039812988571e+02 2.108674554474264085e+02
3.270380039812988571e+02 2.108674554474264085e+02
3.271826502302564563e+02 2.114286828933817901e+02
3.272842339912459693e+02 2.118228278860210878e+02
3.273434190251821292e+02 2.120524658176933883e+02
3.273651758763616044e+02 2.121368824002698261e+02
3.273651758763616044e+02 2.121368824002698261e+02
3.274300828028170827e+02 2.123887212749170033e+02
3.274888665776592802e+02 2.126168023213047888e+02
3.275443358820185722e+02 2.128320232222187940e+02
3.275998051863778642e+02 2.130472441231327991e+02
3.275998051863778642e+02 2.130472441231327991e+02
3.276699689231780326e+02 2.133194794219174639e+02
3.277134826255370399e+02 2.134883125870703111e+02
3.277569963278960472e+02 2.136571457522231583e+02
3.278271600646962156e+02 2.139293810510078231e+02
3.278271600646962156e+02 2.139293810510078231e+02
3.278660799032671775e+02 2.140803900246631031e+02
3.279049997418381395e+02 2.142313989983183831e+02
3.279439195804091014e+02 2.143824079719736631e+02
3.279828394189800633e+02 2.145334169456289430e+02
3.279828394189800633e+02 2.145334169456289430e+02
3.280217592575510253e+02 2.146844259192842230e+02
3.280606790961219872e+02 2.148354348929395030e+02
3.280995989346929491e+02 2.149864438665947830e+02
3.281385187732639110e+02 2.151374528402500630e+02
3.281385187732639110e+02 2.151374528402500630e+02
3.281774386118348730e+02 2.152884618139053430e+02
3.282163584504058349e+02 2.154394707875606230e+02
3.282552782889767968e+02 2.155904797612159030e+02
3.282941981275477588e+02 2.157414887348711829e+02
3.282941981275477588e+02 2.157414887348711829e+02
3.283190047545901393e+02 2.158377384477956866e+02
3.283727402130584778e+02 2.160462320266528877e+02
3.284567227859017180e+02 2.163720844092847244e+02
3.285712308112926507e+02 2.168163755478015275e+02
3.285712308112926507e+02 2.168163755478015275e+02
3.286588004480772724e+02 2.171561457385259359e+02
3.287269101655764416e+02 2.174204114424227043e+02
3.287755599637901582e+02 2.176091726594918327e+02
3.288047498427183655e+02 2.177224293897332927e+02
3.288047498427183655e+02 2.177224293897332927e+02
3.289192578681092982e+02 2.181667205282500959e+02
3.290032404409525384e+02 2.184925729108819326e+02
3.290569758994208769e+02 2.187010664897391337e+02
3.290817825264632575e+02 2.187973162026636373e+02
3.290817825264632575e+02 2.187973162026636373e+02
3.291440846668809286e+02 2.190390485074841536e+02
3.291927344650946452e+02 2.192278097245532820e+02
3.292328521164346284e+02 2.193834662117525056e+02
3.292729697677746117e+02 2.195391226989517293e+02
3.292729697677746117e+02 2.195391226989517293e+02
3.293118896063455736e+02 2.196901316726070092e+02
3.293508094449165355e+02 2.198411406462622892e+02
3.293897292834874975e+02 2.199921496199175692e+02
3.294286491220584594e+02 2.201431585935728492e+02
3.294286491220584594e+02 2.201431585935728492e+02
3.294841184264177514e+02 2.203583794944868544e+02
3.295395877307770434e+02 2.205736003954008595e+02
3.295983715056192409e+02 2.208016814417886451e+02
3.296632784320747191e+02 2.210535203164358222e+02
3.296632784320747191e+02 2.210535203164358222e+02
3.297033960834147024e+02 2.212091768036350459e+02
3.297435137347546856e+02 2.213648332908342695e+02
3.297921635329684023e+02 2.215535945079033979e+02
3.298544656733860734e+02 2.217953268127239141e+02
3.298544656733860734e+02 2.217953268127239141e+02
3.299222270012987792e+02 2.220582407650251469e+02
3.299776963056580712e+02 2.222734616659391520e+02
3.300217505716298092e+02 2.224443922179095807e+02
3.300561511738500826e+02 2.225778665545241779e+02
3.300561511738500826e+02 2.225778665545241779e+02
3.300950710124210445e+02 2.227288755281794579e+02
3.301339908509920065e+02 2.228798845018347379e+02
3.301729106895629684e+02 2.230308934754900179e+02
3.302118305281339303e+02 2.231819024491452979e+02
3.302118305281339303e+02 2.231819024491452979e+02
3.302462311303542037e+02 2.233153767857598950e+02
3.302902853963259417e+02 2.234863073377303238e+02
3.303457547006852337e+02 2.237015282386443289e+02
3.304135160285979396e+02 2.239644421909455616e+02
3.304135160285979396e+02 2.239644421909455616e+02
3.304524358671689015e+02 2.241154511646008416e+02
3.304913557057398634e+02 2.242664601382561216e+02
3.305302755443108254e+02 2.244174691119114016e+02
3.305691953828817873e+02 2.245684780855666816e+02
3.305691953828817873e+02 2.245684780855666816e+02
3.306242363464342020e+02 2.247820370241500427e+02
3.306792773099866167e+02 2.249955959627334039e+02
3.307343182735390315e+02 2.252091549013167651e+02
3.307893592370914462e+02 2.254227138399001262e+02
3.307893592370914462e+02 2.254227138399001262e+02
3.308516613775091173e+02 2.256644461447206425e+02
3.309003111757228339e+02 2.258532073617897709e+02
3.309404288270628172e+02 2.260088638489889945e+02
3.309805464784028004e+02 2.261645203361882182e+02
3.309805464784028004e+02 2.261645203361882182e+02
3.310702522738966991e+02 2.265125788227045120e+02
3.311462456880429954e+02 2.268074332695920816e+02
3.312115162415814780e+02 2.270606830173213666e+02
3.312707012755176379e+02 2.272903209489936671e+02
3.312707012755176379e+02 2.272903209489936671e+02
3.313257422390700526e+02 2.275038798875770283e+02
3.313807832026224673e+02 2.277174388261603895e+02
3.314358241661748821e+02 2.279309977647437506e+02
3.314908651297272968e+02 2.281445567033271118e+02
3.314908651297272968e+02 2.281445567033271118e+02
3.315557720561827750e+02 2.283963955779742889e+02
3.316145558310249726e+02 2.286244766243620745e+02
3.316700251353842646e+02 2.288396975252760797e+02
3.317254944397435565e+02 2.290549184261900848e+02
3.317254944397435565e+02 2.290549184261900848e+02
3.317904013661990348e+02 2.293067573008372619e+02
3.318491851410412323e+02 2.295348383472250475e+02
3.319046544454005243e+02 2.297500592481390527e+02
3.319601237497598163e+02 2.299652801490530578e+02
3.319601237497598163e+02 2.299652801490530578e+02
3.320002414010997995e+02 2.301209366362522815e+02
3.320403590524397828e+02 2.302765931234515051e+02
3.320890088506534994e+02 2.304653543405206335e+02
3.321513109910711705e+02 2.307070866453411497e+02
3.321513109910711705e+02 2.307070866453411497e+02
3.322128486590963234e+02 2.309458527972786896e+02
3.322743863271214764e+02 2.311846189492162296e+02
3.323359239951466293e+02 2.314233851011537695e+02
3.323974616631717822e+02 2.316621512530913094e+02
3.323974616631717822e+02 2.316621512530913094e+02
3.324597638035894533e+02 2.319038835579118256e+02
3.325084136018031700e+02 2.320926447749809540e+02
3.325485312531431532e+02 2.322483012621801777e+02
3.325886489044831364e+02 2.324039577493794013e+02
3.325886489044831364e+02 2.324039577493794013e+02
3.326436898680355512e+02 2.326175166879627625e+02
3.326987308315879659e+02 2.328310756265461237e+02
3.327537717951403806e+02 2.330446345651294848e+02
3.328088127586927953e+02 2.332581935037128460e+02
3.328088127586927953e+02 2.332581935037128460e+02
3.328489304100327786e+02 2.334138499909120696e+02
3.328890480613727618e+02 2.335695064781112933e+02
3.329376978595864784e+02 2.337582676951804217e+02
3.330000000000041496e+02 2.340000000000009379e+02
