1.970000000000000000e+02 1.660000000000000000e+02
1.971250000000000000e+02 1.668750000000000000e+02
1.971999999999999886e+02 1.678000000000000114e+02
1.972249999999999943e+02 1.687750000000000057e+02
1.971999999999999886e+02 1.698000000000000114e+02
1.971999999999999886e+02 1.698000000000000114e+02
1.973249999999999886e+02 1.706750000000000114e+02
1.974000000000000057e+02 1.715999999999999943e+02
1.974250000000000114e+02 1.725749999999999886e+02
1.974000000000000057e+02 1.735999999999999943e+02
1.974000000000000057e+02 1.735999999999999943e+02
1.975250000000000057e+02 1.744749999999999943e+02
1.975999999999999943e+02 1.754000000000000057e+02
1.976250000000000000e+02 1.763750000000000000e+02
1.975999999999999943e+02 1.774000000000000057e+02
1.975999999999999943e+02 1.774000000000000057e+02
1.975000000000000000e+02 1.784250000000000114e+02
1.974000000000000057e+02 1.794000000000000057e+02
1.973000000000000114e+02 1.803249999999999886e+02
1.971999999999999886e+02 1.811999999999999886e+02
1.971999999999999886e+02 1.811999999999999886e+02
1.970749999999999886e+02 1.820749999999999886e+02
1.970000000000000000e+02 1.830000000000000000e+02
1.969749999999999943e+02 1.839749999999999943e+02
1.970000000000000000e+02 1.850000000000000000e+02
1.970000000000000000e+02 1.850000000000000000e+02
1.968000000000000114e+02 1.858000000000000114e+02
1.965999999999999943e+02 1.865999999999999943e+02
1.964000000000000057e+02 1.874000000000000057e+02
1.961999999999999886e+02 1.881999999999999886e+02
1.961999999999999886e+02 1.881999999999999886e+02
1.960999999999999943e+02 1.890999999999999943e+02
1.960000000000000000e+02 1.900000000000000000e+02
1.959000000000000057e+02 1.909000000000000057e+02
1.958000000000000114e+02 1.918000000000000114e+02
1.958000000000000114e+02 1.918000000000000114e+02
1.955999999999999943e+02 1.926999999999999886e+02
1.954000000000000057e+02 1.935999999999999943e+02
1.951999999999999886e+02 1.945000000000000000e+02
1.950000000000000000e+02 1.954000000000000057e+02
1.950000000000000000e+02 1.954000000000000057e+02
1.948000000000000114e+02 1.963249999999999886e+02
1.945999999999999943e+02 1.971999999999999886e+02
1.944000000000000057e+02 1.980250000000000057e+02
1.941999999999999886e+02 1.988000000000000114e+02
1.941999999999999886e+02 1.988000000000000114e+02
1.939000000000000057e+02 1.995999999999999943e+02
1.935999999999999943e+02 2.004000000000000057e+02
1.933000000000000114e+02 2.011999999999999886e+02
1.930000000000000000e+02 2.020000000000000000e+02
1.930000000000000000e+02 2.020000000000000000e+02
1.925500000000000114e+02 2.025500000000000114e+02
1.921999999999999886e+02 2.031999999999999886e+02
1.919499999999999886e+02 2.039499999999999886e+02
1.918000000000000114e+02 2.048000000000000114e+02
1.918000000000000114e+02 2.048000000000000114e+02
1.916750000000000114e+02 2.056750000000000114e+02
1.914000000000000057e+02 2.064000000000000057e+02
1.909749999999999943e+02 2.069749999999999943e+02
1.904000000000000057e+02 2.074000000000000057e+02
1.904000000000000057e+02 2.074000000000000057e+02
1.900000000000000000e+02 2.080999999999999943e+02
1.895999999999999943e+02 2.088000000000000114e+02
1.891999999999999886e+02 2.095000000000000000e+02
1.888000000000000114e+02 2.101999999999999886e+02
1.888000000000000114e+02 2.101999999999999886e+02
1.882750000000000057e+02 2.106750000000000114e+02
1.878000000000000114e+02 2.111999999999999886e+02
1.873750000000000000e+02 2.117750000000000057e+02
1.870000000000000000e+02 2.124000000000000057e+02
1.870000000000000000e+02 2.124000000000000057e+02
1.865000000000000000e+02 2.129000000000000057e+02
1.860000000000000000e+02 2.134000000000000057e+02
1.855000000000000000e+02 2.139000000000000057e+02
1.850000000000000000e+02 2.144000000000000057e+02
1.850000000000000000e+02 2.144000000000000057e+02
1.843750000000000000e+02 2.149000000000000057e+02
1.838000000000000114e+02 2.154000000000000057e+02
1.832750000000000057e+02 2.159000000000000057e+02
1.828000000000000114e+02 2.164000000000000057e+02
1.828000000000000114e+02 2.164000000000000057e+02
1.820999999999999943e+02 2.169250000000000114e+02
1.814000000000000057e+02 2.174000000000000057e+02
1.806999999999999886e+02 2.178249999999999886e+02
1.800000000000000000e+02 2.181999999999999886e+02
1.800000000000000000e+02 2.181999999999999886e+02
1.798000000000000114e+02 2.190000000000000000e+02
1.794000000000000057e+02 2.195999999999999943e+02
1.788000000000000114e+02 2.200000000000000000e+02
1.780000000000000000e+02 2.201999999999999886e+02
1.780000000000000000e+02 2.201999999999999886e+02
1.773000000000000114e+02 2.205000000000000000e+02
1.765999999999999943e+02 2.208000000000000114e+02
1.759000000000000057e+02 2.210999999999999943e+02
1.751999999999999886e+02 2.214000000000000057e+02
1.751999999999999886e+02 2.214000000000000057e+02
1.744749999999999943e+02 2.218000000000000114e+02
1.738000000000000114e+02 2.221999999999999886e+02
1.731750000000000114e+02 2.225999999999999943e+02
1.725999999999999943e+02 2.230000000000000000e+02
1.725999999999999943e+02 2.230000000000000000e+02
1.716500000000000057e+02 2.230500000000000114e+02
1.708000000000000114e+02 2.231999999999999886e+02
1.700500000000000114e+02 2.234499999999999886e+02
1.694000000000000057e+02 2.238000000000000114e+02
1.694000000000000057e+02 2.238000000000000114e+02
1.687249999999999943e+02 2.240999999999999943e+02
1.680000000000000000e+02 2.244000000000000057e+02
1.672249999999999943e+02 2.246999999999999886e+02
1.664000000000000057e+02 2.250000000000000000e+02
1.664000000000000057e+02 2.250000000000000000e+02
1.655749999999999886e+02 2.251750000000000114e+02
1.648000000000000114e+02 2.254000000000000057e+02
1.640749999999999886e+02 2.256750000000000114e+02
1.634000000000000057e+02 2.260000000000000000e+02
1.634000000000000057e+02 2.260000000000000000e+02
1.624749999999999943e+02 2.260749999999999886e+02
1.615999999999999943e+02 2.261999999999999886e+02
1.607750000000000057e+02 2.263750000000000000e+02
1.600000000000000000e+02 2.265999999999999943e+02
1.600000000000000000e+02 2.265999999999999943e+02
1.592249999999999943e+02 2.269499999999999886e+02
1.584000000000000057e+02 2.271999999999999886e+02
1.575250000000000057e+02 2.273499999999999943e+02
1.565999999999999943e+02 2.274000000000000057e+02
1.565999999999999943e+02 2.274000000000000057e+02
1.558000000000000114e+02 2.270999999999999943e+02
1.550000000000000000e+02 2.270000000000000000e+02
1.541999999999999886e+02 2.270999999999999943e+02
1.534000000000000057e+02 2.274000000000000057e+02
1.534000000000000057e+02 2.274000000000000057e+02
1.525250000000000057e+02 2.272249999999999943e+02
1.515999999999999943e+02 2.271999999999999886e+02
1.506250000000000000e+02 2.273249999999999886e+02
1.495999999999999943e+02 2.275999999999999943e+02
1.495999999999999943e+02 2.275999999999999943e+02
1.485999999999999943e+02 2.275749999999999886e+02
1.475999999999999943e+02 2.275999999999999943e+02
1.465999999999999943e+02 2.276750000000000114e+02
1.455999999999999943e+02 2.278000000000000114e+02
1.455999999999999943e+02 2.278000000000000114e+02
1.447249999999999943e+02 2.279250000000000114e+02
1.438000000000000114e+02 2.280000000000000000e+02
1.428249999999999886e+02 2.280250000000000057e+02
1.418000000000000114e+02 2.280000000000000000e+02
1.418000000000000114e+02 2.280000000000000000e+02
1.407750000000000057e+02 2.279749999999999943e+02
1.398000000000000114e+02 2.280000000000000000e+02
1.388750000000000000e+02 2.280749999999999886e+02
1.380000000000000000e+02 2.281999999999999886e+02
1.380000000000000000e+02 2.281999999999999886e+02
1.369749999999999943e+02 2.281750000000000114e+02
1.360000000000000000e+02 2.281999999999999886e+02
1.350749999999999886e+02 2.282750000000000057e+02
1.341999999999999886e+02 2.284000000000000057e+02
1.341999999999999886e+02 2.284000000000000057e+02
1.331750000000000114e+02 2.284250000000000114e+02
1.321999999999999886e+02 2.284000000000000057e+02
1.312750000000000057e+02 2.283249999999999886e+02
1.304000000000000057e+02 2.281999999999999886e+02
1.304000000000000057e+02 2.281999999999999886e+02
1.293499999999999943e+02 2.282500000000000000e+02
1.284000000000000057e+02 2.281999999999999886e+02
1.275499999999999972e+02 2.280500000000000114e+02
1.267999999999999972e+02 2.278000000000000114e+02
1.267999999999999972e+02 2.278000000000000114e+02
1.260250000000000057e+02 2.274499999999999886e+02
1.252000000000000028e+02 2.271999999999999886e+02
1.243250000000000028e+02 2.270500000000000114e+02
1.234000000000000057e+02 2.270000000000000000e+02
1.234000000000000057e+02 2.270000000000000000e+02
1.226250000000000000e+02 2.270500000000000114e+02
1.217999999999999972e+02 2.270000000000000000e+02
1.209249999999999972e+02 2.268499999999999943e+02
1.200000000000000000e+02 2.265999999999999943e+02
1.200000000000000000e+02 2.265999999999999943e+02
1.192000000000000028e+02 2.262750000000000057e+02
1.184000000000000057e+02 2.260000000000000000e+02
1.175999999999999943e+02 2.257750000000000057e+02
1.167999999999999972e+02 2.255999999999999943e+02
1.167999999999999972e+02 2.255999999999999943e+02
1.160999999999999943e+02 2.253000000000000114e+02
1.154000000000000057e+02 2.250000000000000000e+02
1.147000000000000028e+02 2.246999999999999886e+02
1.140000000000000000e+02 2.244000000000000057e+02
1.140000000000000000e+02 2.244000000000000057e+02
1.134500000000000028e+02 2.238249999999999886e+02
1.127999999999999972e+02 2.234000000000000057e+02
1.120499999999999972e+02 2.231250000000000000e+02
1.112000000000000028e+02 2.230000000000000000e+02
1.112000000000000028e+02 2.230000000000000000e+02
1.107000000000000028e+02 2.223750000000000000e+02
1.102000000000000028e+02 2.218000000000000114e+02
1.097000000000000028e+02 2.212750000000000057e+02
1.092000000000000028e+02 2.208000000000000114e+02
1.092000000000000028e+02 2.208000000000000114e+02
1.084500000000000028e+02 2.204250000000000114e+02
1.077999999999999972e+02 2.200000000000000000e+02
1.072500000000000000e+02 2.195250000000000057e+02
1.067999999999999972e+02 2.190000000000000000e+02
1.067999999999999972e+02 2.190000000000000000e+02
1.060499999999999972e+02 2.185000000000000000e+02
1.054000000000000057e+02 2.180000000000000000e+02
1.048499999999999943e+02 2.175000000000000000e+02
1.044000000000000057e+02 2.170000000000000000e+02
1.044000000000000057e+02 2.170000000000000000e+02
1.039249999999999972e+02 2.164000000000000057e+02
1.034000000000000057e+02 2.158000000000000114e+02
1.028250000000000028e+02 2.151999999999999886e+02
1.022000000000000028e+02 2.145999999999999943e+02
1.022000000000000028e+02 2.145999999999999943e+02
1.016749999999999972e+02 2.140250000000000057e+02
1.012000000000000028e+02 2.134000000000000057e+02
1.007750000000000057e+02 2.127249999999999943e+02
1.004000000000000057e+02 2.120000000000000000e+02
1.004000000000000057e+02 2.120000000000000000e+02
9.977500000000000568e+01 2.114499999999999886e+02
9.920000000000000284e+01 2.108000000000000114e+02
9.867499999999999716e+01 2.100500000000000114e+02
9.820000000000000284e+01 2.091999999999999886e+02
9.820000000000000284e+01 2.091999999999999886e+02
9.782500000000000284e+01 2.084749999999999943e+02
9.740000000000000568e+01 2.078000000000000114e+02
9.692499999999999716e+01 2.071750000000000114e+02
9.640000000000000568e+01 2.065999999999999943e+02
9.640000000000000568e+01 2.065999999999999943e+02
9.612500000000000000e+01 2.059000000000000057e+02
9.579999999999999716e+01 2.051999999999999886e+02
9.542499999999999716e+01 2.045000000000000000e+02
9.500000000000000000e+01 2.038000000000000114e+02
9.500000000000000000e+01 2.038000000000000114e+02
9.472499999999999432e+01 2.030749999999999886e+02
9.440000000000000568e+01 2.024000000000000057e+02
9.402500000000000568e+01 2.017750000000000057e+02
9.359999999999999432e+01 2.011999999999999886e+02
9.359999999999999432e+01 2.011999999999999886e+02
9.345000000000000284e+01 2.003499999999999943e+02
9.320000000000000284e+01 1.995999999999999943e+02
9.284999999999999432e+01 1.989499999999999886e+02
9.240000000000000568e+01 1.984000000000000057e+02
9.240000000000000568e+01 1.984000000000000057e+02
9.225000000000000000e+01 1.975749999999999886e+02
9.200000000000000000e+01 1.968000000000000114e+02
9.165000000000000568e+01 1.960749999999999886e+02
9.120000000000000284e+01 1.954000000000000057e+02
9.120000000000000284e+01 1.954000000000000057e+02
9.115000000000000568e+01 1.944499999999999886e+02
9.100000000000000000e+01 1.935999999999999943e+02
9.075000000000000000e+01 1.928499999999999943e+02
9.040000000000000568e+01 1.921999999999999886e+02
9.040000000000000568e+01 1.921999999999999886e+02
9.002500000000000568e+01 1.914499999999999886e+02
8.979999999999999716e+01 1.905999999999999943e+02
8.972499999999999432e+01 1.896500000000000057e+02
8.979999999999999716e+01 1.885999999999999943e+02
8.979999999999999716e+01 1.885999999999999943e+02
8.957500000000000284e+01 1.878249999999999886e+02
8.940000000000000568e+01 1.870000000000000000e+02
8.927500000000000568e+01 1.861250000000000000e+02
8.920000000000000284e+01 1.851999999999999886e+02
8.920000000000000284e+01 1.851999999999999886e+02
8.907500000000000284e+01 1.843249999999999886e+02
8.900000000000000000e+01 1.834000000000000057e+02
8.897499999999999432e+01 1.824250000000000114e+02
8.900000000000000000e+01 1.814000000000000057e+02
8.900000000000000000e+01 1.814000000000000057e+02
8.895000000000000284e+01 1.804749999999999943e+02
8.879999999999999716e+01 1.795999999999999943e+02
8.854999999999999716e+01 1.787750000000000057e+02
8.820000000000000284e+01 1.780000000000000000e+02
8.820000000000000284e+01 1.780000000000000000e+02
8.822499999999999432e+01 1.769749999999999943e+02
8.820000000000000284e+01 1.760000000000000000e+02
8.812500000000000000e+01 1.750749999999999886e+02
8.800000000000000000e+01 1.741999999999999886e+02
8.800000000000000000e+01 1.741999999999999886e+02
8.784999999999999432e+01 1.733000000000000114e+02
8.779999999999999716e+01 1.724000000000000057e+02
8.784999999999999432e+01 1.715000000000000000e+02
8.800000000000000000e+01 1.705999999999999943e+02
8.800000000000000000e+01 1.705999999999999943e+02
8.802500000000000568e+01 1.695749999999999886e+02
8.800000000000000000e+01 1.685999999999999943e+02
8.792499999999999716e+01 1.676750000000000114e+02
8.779999999999999716e+01 1.668000000000000114e+02
8.779999999999999716e+01 1.668000000000000114e+02
8.790000000000000568e+01 1.659000000000000057e+02
8.800000000000000000e+01 1.650000000000000000e+02
8.809999999999999432e+01 1.640999999999999943e+02
8.820000000000000284e+01 1.631999999999999886e+02
8.820000000000000284e+01 1.631999999999999886e+02
8.817499999999999716e+01 1.623249999999999886e+02
8.820000000000000284e+01 1.614000000000000057e+02
8.827500000000000568e+01 1.604250000000000114e+02
8.840000000000000568e+01 1.594000000000000057e+02
8.840000000000000568e+01 1.594000000000000057e+02
8.825000000000000000e+01 1.585250000000000057e+02
8.820000000000000284e+01 1.575999999999999943e+02
8.825000000000000000e+01 1.566250000000000000e+02
8.840000000000000568e+01 1.555999999999999943e+02
8.840000000000000568e+01 1.555999999999999943e+02
8.877500000000000568e+01 1.547249999999999943e+02
8.900000000000000000e+01 1.538000000000000114e+02
8.907500000000000284e+01 1.528249999999999886e+02
8.900000000000000000e+01 1.518000000000000114e+02
8.900000000000000000e+01 1.518000000000000114e+02
8.920000000000000284e+01 1.510000000000000000e+02
8.940000000000000568e+01 1.501999999999999886e+02
8.959999999999999432e+01 1.494000000000000057e+02
8.979999999999999716e+01 1.485999999999999943e+02
8.979999999999999716e+01 1.485999999999999943e+02
9.002500000000000568e+01 1.478249999999999886e+02
9.020000000000000284e+01 1.470000000000000000e+02
9.032500000000000284e+01 1.461250000000000000e+02
9.040000000000000568e+01 1.451999999999999886e+02
9.040000000000000568e+01 1.451999999999999886e+02
9.075000000000000000e+01 1.443000000000000114e+02
9.100000000000000000e+01 1.434000000000000057e+02
9.115000000000000568e+01 1.425000000000000000e+02
9.120000000000000284e+01 1.415999999999999943e+02
9.120000000000000284e+01 1.415999999999999943e+02
9.137500000000000000e+01 1.406500000000000057e+02
9.159999999999999432e+01 1.398000000000000114e+02
9.187500000000000000e+01 1.390500000000000114e+02
9.220000000000000284e+01 1.384000000000000057e+02
9.220000000000000284e+01 1.384000000000000057e+02
9.250000000000000000e+01 1.376999999999999886e+02
9.279999999999999716e+01 1.370000000000000000e+02
9.309999999999999432e+01 1.363000000000000114e+02
9.340000000000000568e+01 1.355999999999999943e+02
9.340000000000000568e+01 1.355999999999999943e+02
9.370000000000000284e+01 1.349000000000000057e+02
9.400000000000000000e+01 1.341999999999999886e+02
9.429999999999999716e+01 1.335000000000000000e+02
9.459999999999999432e+01 1.328000000000000114e+02
9.459999999999999432e+01 1.328000000000000114e+02
9.479999999999999716e+01 1.320000000000000000e+02
9.500000000000000000e+01 1.311999999999999886e+02
9.520000000000000284e+01 1.304000000000000057e+02
9.540000000000000568e+01 1.295999999999999943e+02
9.540000000000000568e+01 1.295999999999999943e+02
9.577500000000000568e+01 1.290000000000000000e+02
9.620000000000000284e+01 1.284000000000000057e+02
9.667499999999999716e+01 1.277999999999999972e+02
9.720000000000000284e+01 1.272000000000000028e+02
9.720000000000000284e+01 1.272000000000000028e+02
9.747499999999999432e+01 1.263499999999999943e+02
9.779999999999999716e+01 1.255999999999999943e+02
9.817499999999999716e+01 1.249500000000000028e+02
9.859999999999999432e+01 1.244000000000000057e+02
9.859999999999999432e+01 1.244000000000000057e+02
9.882500000000000284e+01 1.234000000000000057e+02
9.920000000000000284e+01 1.225999999999999943e+02
9.972499999999999432e+01 1.220000000000000000e+02
1.004000000000000057e+02 1.215999999999999943e+02
1.004000000000000057e+02 1.215999999999999943e+02
1.005000000000000000e+02 1.207249999999999943e+02
1.007999999999999972e+02 1.200000000000000000e+02
1.012999999999999972e+02 1.194249999999999972e+02
1.020000000000000000e+02 1.190000000000000000e+02
1.020000000000000000e+02 1.190000000000000000e+02
1.022500000000000000e+02 1.182500000000000000e+02
1.025999999999999943e+02 1.175999999999999943e+02
1.030499999999999972e+02 1.170499999999999972e+02
1.035999999999999943e+02 1.165999999999999943e+02
1.035999999999999943e+02 1.165999999999999943e+02
1.038499999999999943e+02 1.158499999999999943e+02
1.042000000000000028e+02 1.152000000000000028e+02
1.046500000000000057e+02 1.146500000000000057e+02
1.052000000000000028e+02 1.142000000000000028e+02
1.052000000000000028e+02 1.142000000000000028e+02
1.058250000000000028e+02 1.138499999999999943e+02
1.064000000000000057e+02 1.134000000000000057e+02
1.069249999999999972e+02 1.128499999999999943e+02
1.074000000000000057e+02 1.122000000000000028e+02
1.074000000000000057e+02 1.122000000000000028e+02
1.078750000000000000e+02 1.115750000000000028e+02
1.084000000000000057e+02 1.110000000000000000e+02
1.089749999999999943e+02 1.104749999999999943e+02
1.095999999999999943e+02 1.100000000000000000e+02
1.095999999999999943e+02 1.100000000000000000e+02
1.100499999999999972e+02 1.095250000000000057e+02
1.105999999999999943e+02 1.090000000000000000e+02
1.112500000000000000e+02 1.084249999999999972e+02
1.120000000000000000e+02 1.077999999999999972e+02
1.120000000000000000e+02 1.077999999999999972e+02
1.124749999999999943e+02 1.072750000000000057e+02
1.130000000000000000e+02 1.067999999999999972e+02
1.135750000000000028e+02 1.063750000000000000e+02
1.142000000000000028e+02 1.060000000000000000e+02
1.142000000000000028e+02 1.060000000000000000e+02
1.149249999999999972e+02 1.055999999999999943e+02
1.155999999999999943e+02 1.052000000000000028e+02
1.162249999999999943e+02 1.047999999999999972e+02
1.167999999999999972e+02 1.044000000000000057e+02
1.167999999999999972e+02 1.044000000000000057e+02
1.175999999999999943e+02 1.040750000000000028e+02
1.184000000000000057e+02 1.037999999999999972e+02
1.192000000000000028e+02 1.035750000000000028e+02
1.200000000000000000e+02 1.034000000000000057e+02
1.200000000000000000e+02 1.034000000000000057e+02
1.204749999999999943e+02 1.026250000000000000e+02
1.210000000000000000e+02 1.020000000000000000e+02
1.215750000000000028e+02 1.015250000000000057e+02
1.222000000000000028e+02 1.012000000000000028e+02
1.222000000000000028e+02 1.012000000000000028e+02
1.231749999999999972e+02 1.010499999999999972e+02
1.240000000000000000e+02 1.007999999999999972e+02
1.246749999999999972e+02 1.004500000000000028e+02
1.252000000000000028e+02 1.000000000000000000e+02
1.252000000000000028e+02 1.000000000000000000e+02
1.256500000000000057e+02 9.945000000000000284e+01
1.262000000000000028e+02 9.900000000000000000e+01
1.268499999999999943e+02 9.865000000000000568e+01
1.275999999999999943e+02 9.840000000000000568e+01
1.275999999999999943e+02 9.840000000000000568e+01
1.281999999999999886e+02 9.802500000000000568e+01
1.288000000000000114e+02 9.759999999999999432e+01
1.294000000000000057e+02 9.712500000000000000e+01
1.300000000000000000e+02 9.659999999999999432e+01
1.300000000000000000e+02 9.659999999999999432e+01
1.306500000000000057e+02 9.627500000000000568e+01
1.314000000000000057e+02 9.600000000000000000e+01
1.322500000000000000e+02 9.577500000000000568e+01
1.331999999999999886e+02 9.559999999999999432e+01
1.331999999999999886e+02 9.559999999999999432e+01
1.337249999999999943e+02 9.515000000000000568e+01
1.344000000000000057e+02 9.479999999999999716e+01
1.352249999999999943e+02 9.454999999999999716e+01
1.361999999999999886e+02 9.440000000000000568e+01
1.361999999999999886e+02 9.440000000000000568e+01
1.368000000000000114e+02 9.400000000000000000e+01
1.374000000000000057e+02 9.359999999999999432e+01
1.380000000000000000e+02 9.320000000000000284e+01
1.385999999999999943e+02 9.279999999999999716e+01
1.385999999999999943e+02 9.279999999999999716e+01
1.394000000000000057e+02 9.259999999999999432e+01
1.401999999999999886e+02 9.240000000000000568e+01
1.410000000000000000e+02 9.220000000000000284e+01
1.418000000000000114e+02 9.200000000000000000e+01
1.418000000000000114e+02 9.200000000000000000e+01
1.425500000000000114e+02 9.152500000000000568e+01
1.434000000000000057e+02 9.120000000000000284e+01
1.443499999999999943e+02 9.102500000000000568e+01
1.454000000000000057e+02 9.100000000000000000e+01
1.454000000000000057e+02 9.100000000000000000e+01
1.460500000000000114e+02 9.067499999999999716e+01
1.468000000000000114e+02 9.040000000000000568e+01
1.476500000000000057e+02 9.017499999999999716e+01
1.485999999999999943e+02 9.000000000000000000e+01
1.485999999999999943e+02 9.000000000000000000e+01
1.492249999999999943e+02 8.950000000000000000e+01
1.500000000000000000e+02 8.920000000000000284e+01
1.509250000000000114e+02 8.909999999999999432e+01
1.520000000000000000e+02 8.920000000000000284e+01
1.520000000000000000e+02 8.920000000000000284e+01
1.527500000000000000e+02 8.897499999999999432e+01
1.535999999999999943e+02 8.879999999999999716e+01
1.545500000000000114e+02 8.867499999999999716e+01
1.555999999999999943e+02 8.859999999999999432e+01
1.555999999999999943e+02 8.859999999999999432e+01
1.566500000000000057e+02 8.852500000000000568e+01
1.575999999999999943e+02 8.840000000000000568e+01
1.584499999999999886e+02 8.822499999999999432e+01
1.591999999999999886e+02 8.800000000000000000e+01
1.591999999999999886e+02 8.800000000000000000e+01
1.602750000000000057e+02 8.807500000000000284e+01
1.611999999999999886e+02 8.800000000000000000e+01
1.619749999999999943e+02 8.777500000000000568e+01
1.625999999999999943e+02 8.740000000000000568e+01
1.625999999999999943e+02 8.740000000000000568e+01
1.635000000000000000e+02 8.729999999999999716e+01
1.644000000000000057e+02 8.720000000000000284e+01
1.653000000000000114e+02 8.709999999999999432e+01
1.661999999999999886e+02 8.700000000000000000e+01
1.661999999999999886e+02 8.700000000000000000e+01
1.672750000000000057e+02 8.695000000000000284e+01
1.681999999999999886e+02 8.679999999999999716e+01
1.689749999999999943e+02 8.654999999999999716e+01
1.695999999999999943e+02 8.620000000000000284e+01
1.695999999999999943e+02 8.620000000000000284e+01
1.707500000000000000e+02 8.622499999999999432e+01
1.718000000000000114e+02 8.620000000000000284e+01
1.727500000000000000e+02 8.612500000000000000e+01
1.735999999999999943e+02 8.600000000000000000e+01
1.735999999999999943e+02 8.600000000000000000e+01
1.743499999999999943e+02 8.577500000000000568e+01
1.751999999999999886e+02 8.559999999999999432e+01
1.761500000000000057e+02 8.547499999999999432e+01
1.771999999999999886e+02 8.540000000000000568e+01
1.771999999999999886e+02 8.540000000000000568e+01
1.781999999999999886e+02 8.540000000000000568e+01
1.791999999999999886e+02 8.540000000000000568e+01
1.801999999999999886e+02 8.540000000000000568e+01
1.811999999999999886e+02 8.540000000000000568e+01
1.811999999999999886e+02 8.540000000000000568e+01
1.822249999999999943e+02 8.542499999999999716e+01
1.831999999999999886e+02 8.540000000000000568e+01
1.841250000000000000e+02 8.532500000000000284e+01
1.850000000000000000e+02 8.520000000000000284e+01
1.850000000000000000e+02 8.520000000000000284e+01
1.858750000000000000e+02 8.509999999999999432e+01
1.868000000000000114e+02 8.500000000000000000e+01
1.877750000000000057e+02 8.490000000000000568e+01
1.888000000000000114e+02 8.479999999999999716e+01
1.888000000000000114e+02 8.479999999999999716e+01
1.898000000000000114e+02 8.479999999999999716e+01
1.908000000000000114e+02 8.479999999999999716e+01
1.918000000000000114e+02 8.479999999999999716e+01
1.928000000000000114e+02 8.479999999999999716e+01
1.928000000000000114e+02 8.479999999999999716e+01
1.938249999999999886e+02 8.477500000000000568e+01
1.948000000000000114e+02 8.479999999999999716e+01
1.957249999999999943e+02 8.487500000000000000e+01
1.965999999999999943e+02 8.500000000000000000e+01
1.965999999999999943e+02 8.500000000000000000e+01
1.974749999999999943e+02 8.487500000000000000e+01
1.984000000000000057e+02 8.479999999999999716e+01
1.993750000000000000e+02 8.477500000000000568e+01
2.004000000000000057e+02 8.479999999999999716e+01
2.004000000000000057e+02 8.479999999999999716e+01
2.011500000000000057e+02 8.479999999999999716e+01
2.020000000000000000e+02 8.479999999999999716e+01
2.029499999999999886e+02 8.479999999999999716e+01
2.040000000000000000e+02 8.479999999999999716e+01
2.040000000000000000e+02 8.479999999999999716e+01
2.045999999999999943e+02 8.492499999999999716e+01
2.054000000000000057e+02 8.500000000000000000e+01
2.064000000000000057e+02 8.502500000000000568e+01
2.075999999999999943e+02 8.500000000000000000e+01
2.075999999999999943e+02 8.500000000000000000e+01
2.085000000000000000e+02 8.509999999999999432e+01
2.094000000000000057e+02 8.520000000000000284e+01
2.103000000000000114e+02 8.529999999999999716e+01
2.111999999999999886e+02 8.540000000000000568e+01
2.111999999999999886e+02 8.540000000000000568e+01
2.120999999999999943e+02 8.550000000000000000e+01
2.130000000000000000e+02 8.559999999999999432e+01
2.139000000000000057e+02 8.570000000000000284e+01
2.148000000000000114e+02 8.579999999999999716e+01
2.148000000000000114e+02 8.579999999999999716e+01
2.157249999999999943e+02 8.587500000000000000e+01
2.165999999999999943e+02 8.600000000000000000e+01
2.174250000000000114e+02 8.617499999999999716e+01
2.181999999999999886e+02 8.640000000000000568e+01
2.181999999999999886e+02 8.640000000000000568e+01
2.189749999999999943e+02 8.637500000000000000e+01
2.198000000000000114e+02 8.640000000000000568e+01
2.206750000000000114e+02 8.647499999999999432e+01
2.215999999999999943e+02 8.659999999999999432e+01
2.215999999999999943e+02 8.659999999999999432e+01
2.225999999999999943e+02 8.672499999999999432e+01
2.235999999999999943e+02 8.679999999999999716e+01
2.245999999999999943e+02 8.682500000000000284e+01
2.255999999999999943e+02 8.679999999999999716e+01
2.255999999999999943e+02 8.679999999999999716e+01
2.266500000000000057e+02 8.675000000000000000e+01
2.275999999999999943e+02 8.679999999999999716e+01
2.284499999999999886e+02 8.695000000000000284e+01
2.291999999999999886e+02 8.720000000000000284e+01
2.291999999999999886e+02 8.720000000000000284e+01
2.300500000000000114e+02 8.747499999999999432e+01
2.308000000000000114e+02 8.779999999999999716e+01
2.314499999999999886e+02 8.817499999999999716e+01
2.320000000000000000e+02 8.859999999999999432e+01
2.320000000000000000e+02 8.859999999999999432e+01
2.328249999999999886e+02 8.877500000000000568e+01
2.335999999999999943e+02 8.900000000000000000e+01
2.343249999999999886e+02 8.927500000000000568e+01
2.350000000000000000e+02 8.959999999999999432e+01
2.350000000000000000e+02 8.959999999999999432e+01
2.357249999999999943e+02 8.987500000000000000e+01
2.364000000000000057e+02 9.020000000000000284e+01
2.370250000000000057e+02 9.057500000000000284e+01
2.375999999999999943e+02 9.100000000000000000e+01
2.375999999999999943e+02 9.100000000000000000e+01
2.383000000000000114e+02 9.127500000000000568e+01
2.390000000000000000e+02 9.159999999999999432e+01
2.396999999999999886e+02 9.197499999999999432e+01
2.404000000000000057e+02 9.240000000000000568e+01
2.404000000000000057e+02 9.240000000000000568e+01
2.412249999999999943e+02 9.254999999999999716e+01
2.420000000000000000e+02 9.279999999999999716e+01
2.427249999999999943e+02 9.315000000000000568e+01
2.434000000000000057e+02 9.359999999999999432e+01
2.434000000000000057e+02 9.359999999999999432e+01
2.439499999999999886e+02 9.415000000000000568e+01
2.445999999999999943e+02 9.459999999999999432e+01
2.453499999999999943e+02 9.495000000000000284e+01
2.461999999999999886e+02 9.520000000000000284e+01
2.461999999999999886e+02 9.520000000000000284e+01
2.469250000000000114e+02 9.570000000000000284e+01
2.475999999999999943e+02 9.620000000000000284e+01
2.482249999999999943e+02 9.670000000000000284e+01
2.488000000000000114e+02 9.720000000000000284e+01
2.488000000000000114e+02 9.720000000000000284e+01
2.492500000000000000e+02 9.775000000000000000e+01
2.498000000000000114e+02 9.820000000000000284e+01
2.504499999999999886e+02 9.854999999999999716e+01
2.511999999999999886e+02 9.879999999999999716e+01
2.511999999999999886e+02 9.879999999999999716e+01
2.516250000000000000e+02 9.932500000000000284e+01
2.521999999999999886e+02 9.979999999999999716e+01
2.529250000000000114e+02 1.002249999999999943e+02
2.538000000000000114e+02 1.005999999999999943e+02
2.538000000000000114e+02 1.005999999999999943e+02
2.545500000000000114e+02 1.009749999999999943e+02
2.551999999999999886e+02 1.014000000000000057e+02
2.557500000000000000e+02 1.018750000000000000e+02
2.561999999999999886e+02 1.024000000000000057e+02
2.561999999999999886e+02 1.024000000000000057e+02
2.569250000000000114e+02 1.027999999999999972e+02
2.576000000000000227e+02 1.032000000000000028e+02
2.582250000000000227e+02 1.035999999999999943e+02
2.588000000000000114e+02 1.040000000000000000e+02
2.588000000000000114e+02 1.040000000000000000e+02
2.593000000000000114e+02 1.045999999999999943e+02
2.598000000000000114e+02 1.052000000000000028e+02
2.603000000000000114e+02 1.057999999999999972e+02
2.608000000000000114e+02 1.064000000000000057e+02
2.608000000000000114e+02 1.064000000000000057e+02
2.614250000000000114e+02 1.067249999999999943e+02
2.620000000000000000e+02 1.072000000000000028e+02
2.625249999999999773e+02 1.078250000000000028e+02
2.630000000000000000e+02 1.085999999999999943e+02
2.630000000000000000e+02 1.085999999999999943e+02
2.637250000000000227e+02 1.091250000000000000e+02
2.643999999999999773e+02 1.095999999999999943e+02
2.650249999999999773e+02 1.100250000000000057e+02
2.656000000000000227e+02 1.104000000000000057e+02
2.656000000000000227e+02 1.104000000000000057e+02
2.661000000000000227e+02 1.109000000000000057e+02
2.666000000000000227e+02 1.114000000000000057e+02
2.671000000000000227e+02 1.119000000000000057e+02
2.676000000000000227e+02 1.124000000000000057e+02
2.676000000000000227e+02 1.124000000000000057e+02
2.681250000000000000e+02 1.131250000000000000e+02
2.686000000000000227e+02 1.137999999999999972e+02
2.690249999999999773e+02 1.144249999999999972e+02
2.693999999999999773e+02 1.150000000000000000e+02
2.693999999999999773e+02 1.150000000000000000e+02
2.701750000000000114e+02 1.154749999999999943e+02
2.708000000000000114e+02 1.160000000000000000e+02
2.712749999999999773e+02 1.165750000000000028e+02
2.716000000000000227e+02 1.172000000000000028e+02
2.716000000000000227e+02 1.172000000000000028e+02
2.721999999999999886e+02 1.177750000000000057e+02
2.728000000000000114e+02 1.184000000000000057e+02
2.733999999999999773e+02 1.190750000000000028e+02
2.740000000000000000e+02 1.197999999999999972e+02
2.740000000000000000e+02 1.197999999999999972e+02
2.744250000000000114e+02 1.203499999999999943e+02
2.748000000000000114e+02 1.210000000000000000e+02
2.751250000000000000e+02 1.217500000000000000e+02
2.753999999999999773e+02 1.225999999999999943e+02
2.753999999999999773e+02 1.225999999999999943e+02
2.756250000000000000e+02 1.232999999999999972e+02
2.760000000000000000e+02 1.240000000000000000e+02
2.765249999999999773e+02 1.247000000000000028e+02
2.771999999999999886e+02 1.254000000000000057e+02
2.771999999999999886e+02 1.254000000000000057e+02
2.775000000000000000e+02 1.260750000000000028e+02
2.778000000000000114e+02 1.267999999999999972e+02
2.781000000000000227e+02 1.275750000000000028e+02
2.783999999999999773e+02 1.284000000000000057e+02
2.783999999999999773e+02 1.284000000000000057e+02
2.787749999999999773e+02 1.290000000000000000e+02
2.791999999999999886e+02 1.295999999999999943e+02
2.796750000000000114e+02 1.301999999999999886e+02
2.801999999999999886e+02 1.308000000000000114e+02
2.801999999999999886e+02 1.308000000000000114e+02
2.805249999999999773e+02 1.315999999999999943e+02
2.808000000000000114e+02 1.324000000000000057e+02
2.810249999999999773e+02 1.331999999999999886e+02
2.811999999999999886e+02 1.340000000000000000e+02
2.811999999999999886e+02 1.340000000000000000e+02
2.816750000000000114e+02 1.345250000000000057e+02
2.820000000000000000e+02 1.351999999999999886e+02
2.821750000000000114e+02 1.360250000000000057e+02
2.821999999999999886e+02 1.370000000000000000e+02
2.821999999999999886e+02 1.370000000000000000e+02
2.825249999999999773e+02 1.376750000000000114e+02
2.828000000000000114e+02 1.384000000000000057e+02
2.830249999999999773e+02 1.391750000000000114e+02
2.831999999999999886e+02 1.400000000000000000e+02
2.831999999999999886e+02 1.400000000000000000e+02
2.833750000000000000e+02 1.408249999999999886e+02
2.836000000000000227e+02 1.415999999999999943e+02
2.838750000000000000e+02 1.423249999999999886e+02
2.841999999999999886e+02 1.430000000000000000e+02
2.841999999999999886e+02 1.430000000000000000e+02
2.843000000000000114e+02 1.439000000000000057e+02
2.843999999999999773e+02 1.448000000000000114e+02
2.845000000000000000e+02 1.456999999999999886e+02
2.846000000000000227e+02 1.465999999999999943e+02
2.846000000000000227e+02 1.465999999999999943e+02
2.847500000000000000e+02 1.474499999999999886e+02
2.850000000000000000e+02 1.481999999999999886e+02
2.853500000000000227e+02 1.488499999999999943e+02
2.858000000000000114e+02 1.494000000000000057e+02
2.858000000000000114e+02 1.494000000000000057e+02
2.857749999999999773e+02 1.504250000000000114e+02
2.858000000000000114e+02 1.514000000000000057e+02
2.858750000000000000e+02 1.523249999999999886e+02
2.860000000000000000e+02 1.531999999999999886e+02
2.860000000000000000e+02 1.531999999999999886e+02
2.862500000000000000e+02 1.539499999999999886e+02
2.863999999999999773e+02 1.548000000000000114e+02
2.864499999999999886e+02 1.557500000000000000e+02
2.863999999999999773e+02 1.568000000000000114e+02
2.863999999999999773e+02 1.568000000000000114e+02
2.866499999999999773e+02 1.576750000000000114e+02
2.868000000000000114e+02 1.585999999999999943e+02
2.868500000000000227e+02 1.595749999999999886e+02
2.868000000000000114e+02 1.605999999999999943e+02
2.868000000000000114e+02 1.605999999999999943e+02
2.868999999999999773e+02 1.615000000000000000e+02
2.870000000000000000e+02 1.624000000000000057e+02
2.871000000000000227e+02 1.633000000000000114e+02
2.871999999999999886e+02 1.641999999999999886e+02
2.871999999999999886e+02 1.641999999999999886e+02
2.873000000000000114e+02 1.650749999999999886e+02
2.873999999999999773e+02 1.660000000000000000e+02
2.875000000000000000e+02 1.669749999999999943e+02
2.876000000000000227e+02 1.680000000000000000e+02
2.876000000000000227e+02 1.680000000000000000e+02
2.874750000000000227e+02 1.688750000000000000e+02
2.873999999999999773e+02 1.698000000000000114e+02
2.873750000000000000e+02 1.707750000000000057e+02
2.873999999999999773e+02 1.718000000000000114e+02
2.873999999999999773e+02 1.718000000000000114e+02
2.873999999999999773e+02 1.728499999999999943e+02
2.873999999999999773e+02 1.738000000000000114e+02
2.873999999999999773e+02 1.746500000000000057e+02
2.873999999999999773e+02 1.754000000000000057e+02
2.873999999999999773e+02 1.754000000000000057e+02
2.875249999999999773e+02 1.762750000000000057e+02
2.876000000000000227e+02 1.771999999999999886e+02
2.876250000000000000e+02 1.781750000000000114e+02
2.876000000000000227e+02 1.791999999999999886e+02
2.876000000000000227e+02 1.791999999999999886e+02
2.875749999999999886e+02 1.804000000000000057e+02
2.876000000000000227e+02 1.814000000000000057e+02
2.876750000000000114e+02 1.821999999999999886e+02
2.878000000000000114e+02 1.828000000000000114e+02
2.878000000000000114e+02 1.828000000000000114e+02
2.878000000000000114e+02 1.839749999999999943e+02
2.878000000000000114e+02 1.850000000000000000e+02
2.878000000000000114e+02 1.858750000000000000e+02
2.878000000000000114e+02 1.865999999999999943e+02
2.878000000000000114e+02 1.865999999999999943e+02
2.876750000000000114e+02 1.875250000000000057e+02
2.876000000000000227e+02 1.884000000000000057e+02
2.875749999999999886e+02 1.892249999999999943e+02
2.876000000000000227e+02 1.900000000000000000e+02
2.876000000000000227e+02 1.900000000000000000e+02
2.875000000000000000e+02 1.907750000000000057e+02
2.873999999999999773e+02 1.915999999999999943e+02
2.873000000000000114e+02 1.924749999999999943e+02
2.871999999999999886e+02 1.934000000000000057e+02
2.871999999999999886e+02 1.934000000000000057e+02
2.870500000000000114e+02 1.941750000000000114e+02
2.870000000000000000e+02 1.950000000000000000e+02
2.870500000000000114e+02 1.958750000000000000e+02
2.871999999999999886e+02 1.968000000000000114e+02
2.871999999999999886e+02 1.968000000000000114e+02
2.871250000000000000e+02 1.977249999999999943e+02
2.870000000000000000e+02 1.985999999999999943e+02
2.868249999999999886e+02 1.994250000000000114e+02
2.866000000000000227e+02 2.001999999999999886e+02
2.866000000000000227e+02 2.001999999999999886e+02
2.863750000000000000e+02 2.009499999999999886e+02
2.861999999999999886e+02 2.018000000000000114e+02
2.860749999999999886e+02 2.027500000000000000e+02
2.860000000000000000e+02 2.038000000000000114e+02
2.860000000000000000e+02 2.038000000000000114e+02
2.856499999999999773e+02 2.045749999999999886e+02
2.853999999999999773e+02 2.054000000000000057e+02
2.852500000000000000e+02 2.062750000000000057e+02
2.851999999999999886e+02 2.071999999999999886e+02
2.851999999999999886e+02 2.071999999999999886e+02
2.848999999999999773e+02 2.080250000000000057e+02
2.846000000000000227e+02 2.088000000000000114e+02
2.843000000000000114e+02 2.095250000000000057e+02
2.840000000000000000e+02 2.101999999999999886e+02
2.840000000000000000e+02 2.101999999999999886e+02
2.838750000000000000e+02 2.110749999999999886e+02
2.838000000000000114e+02 2.120000000000000000e+02
2.837749999999999773e+02 2.129749999999999943e+02
2.838000000000000114e+02 2.140000000000000000e+02
2.838000000000000114e+02 2.140000000000000000e+02
2.833500000000000227e+02 2.146500000000000057e+02
2.830000000000000000e+02 2.154000000000000057e+02
2.827500000000000000e+02 2.162500000000000000e+02
2.826000000000000227e+02 2.171999999999999886e+02
2.826000000000000227e+02 2.171999999999999886e+02
2.822749999999999773e+02 2.178750000000000000e+02
2.820000000000000000e+02 2.185999999999999943e+02
2.817749999999999773e+02 2.193750000000000000e+02
2.816000000000000227e+02 2.201999999999999886e+02
2.816000000000000227e+02 2.201999999999999886e+02
2.813999999999999773e+02 2.210999999999999943e+02
2.811999999999999886e+02 2.220000000000000000e+02
2.810000000000000000e+02 2.229000000000000057e+02
2.808000000000000114e+02 2.238000000000000114e+02
2.808000000000000114e+02 2.238000000000000114e+02
2.804750000000000227e+02 2.244749999999999943e+02
2.801999999999999886e+02 2.251999999999999886e+02
2.799750000000000227e+02 2.259749999999999943e+02
2.798000000000000114e+02 2.268000000000000114e+02
2.798000000000000114e+02 2.268000000000000114e+02
2.796000000000000227e+02 2.275999999999999943e+02
2.793999999999999773e+02 2.284000000000000057e+02
2.791999999999999886e+02 2.291999999999999886e+02
2.790000000000000000e+02 2.300000000000000000e+02
2.790000000000000000e+02 2.300000000000000000e+02
2.785500000000000114e+02 2.306750000000000114e+02
2.781999999999999886e+02 2.314000000000000057e+02
2.779499999999999886e+02 2.321750000000000114e+02
2.778000000000000114e+02 2.330000000000000000e+02
2.778000000000000114e+02 2.330000000000000000e+02
2.773750000000000000e+02 2.335749999999999886e+02
2.770000000000000000e+02 2.341999999999999886e+02
2.766750000000000114e+02 2.348750000000000000e+02
2.763999999999999773e+02 2.355999999999999943e+02
2.763999999999999773e+02 2.355999999999999943e+02
2.762250000000000227e+02 2.364250000000000114e+02
2.760000000000000000e+02 2.371999999999999886e+02
2.757250000000000227e+02 2.379250000000000114e+02
2.753999999999999773e+02 2.385999999999999943e+02
2.753999999999999773e+02 2.385999999999999943e+02
2.748500000000000227e+02 2.390250000000000057e+02
2.743999999999999773e+02 2.395999999999999943e+02
2.740500000000000114e+02 2.403249999999999886e+02
2.738000000000000114e+02 2.411999999999999886e+02
2.738000000000000114e+02 2.411999999999999886e+02
2.733999999999999773e+02 2.418000000000000114e+02
2.730000000000000000e+02 2.424000000000000057e+02
2.726000000000000227e+02 2.430000000000000000e+02
2.721999999999999886e+02 2.435999999999999943e+02
2.721999999999999886e+02 2.435999999999999943e+02
2.720000000000000000e+02 2.443750000000000000e+02
2.716000000000000227e+02 2.450000000000000000e+02
2.710000000000000000e+02 2.454749999999999943e+02
2.701999999999999886e+02 2.458000000000000114e+02
2.701999999999999886e+02 2.458000000000000114e+02
2.698500000000000227e+02 2.464000000000000057e+02
2.693999999999999773e+02 2.470000000000000000e+02
2.688500000000000227e+02 2.475999999999999943e+02
2.681999999999999886e+02 2.481999999999999886e+02
2.681999999999999886e+02 2.481999999999999886e+02
2.676750000000000114e+02 2.489250000000000114e+02
2.671999999999999886e+02 2.495999999999999943e+02
2.667749999999999773e+02 2.502249999999999943e+02
2.663999999999999773e+02 2.508000000000000114e+02
2.663999999999999773e+02 2.508000000000000114e+02
2.658999999999999773e+02 2.512750000000000057e+02
2.653999999999999773e+02 2.518000000000000114e+02
2.648999999999999773e+02 2.523750000000000000e+02
2.643999999999999773e+02 2.530000000000000000e+02
2.643999999999999773e+02 2.530000000000000000e+02
2.638999999999999773e+02 2.534499999999999886e+02
2.633999999999999773e+02 2.540000000000000000e+02
2.628999999999999773e+02 2.546500000000000057e+02
2.623999999999999773e+02 2.554000000000000057e+02
2.623999999999999773e+02 2.554000000000000057e+02
2.616250000000000000e+02 2.560000000000000000e+02
2.610000000000000000e+02 2.566000000000000227e+02
2.605249999999999773e+02 2.571999999999999886e+02
2.601999999999999886e+02 2.578000000000000114e+02
2.601999999999999886e+02 2.578000000000000114e+02
2.598750000000000000e+02 2.584750000000000227e+02
2.593999999999999773e+02 2.590000000000000000e+02
2.587749999999999773e+02 2.593750000000000000e+02
2.580000000000000000e+02 2.596000000000000227e+02
2.580000000000000000e+02 2.596000000000000227e+02
2.575000000000000000e+02 2.602250000000000227e+02
2.570000000000000000e+02 2.608000000000000114e+02
2.565000000000000000e+02 2.613249999999999886e+02
2.560000000000000000e+02 2.618000000000000114e+02
2.560000000000000000e+02 2.618000000000000114e+02
2.553750000000000000e+02 2.621499999999999773e+02
2.548000000000000114e+02 2.626000000000000227e+02
2.542750000000000057e+02 2.631499999999999773e+02
2.538000000000000114e+02 2.638000000000000114e+02
2.538000000000000114e+02 2.638000000000000114e+02
2.530999999999999943e+02 2.643249999999999886e+02
2.524000000000000057e+02 2.648000000000000114e+02
2.516999999999999886e+02 2.652250000000000227e+02
2.510000000000000000e+02 2.656000000000000227e+02
2.510000000000000000e+02 2.656000000000000227e+02
2.504000000000000057e+02 2.661000000000000227e+02
2.498000000000000114e+02 2.666000000000000227e+02
2.491999999999999886e+02 2.671000000000000227e+02
2.485999999999999943e+02 2.676000000000000227e+02
2.485999999999999943e+02 2.676000000000000227e+02
2.480250000000000057e+02 2.680000000000000000e+02
2.474000000000000057e+02 2.683999999999999773e+02
2.467249999999999943e+02 2.688000000000000114e+02
2.460000000000000000e+02 2.691999999999999886e+02
2.460000000000000000e+02 2.691999999999999886e+02
2.455749999999999886e+02 2.698750000000000000e+02
2.450000000000000000e+02 2.703999999999999773e+02
2.442750000000000057e+02 2.707749999999999773e+02
2.434000000000000057e+02 2.710000000000000000e+02
2.434000000000000057e+02 2.710000000000000000e+02
2.426750000000000114e+02 2.713999999999999773e+02
2.420000000000000000e+02 2.718000000000000114e+02
2.413750000000000000e+02 2.721999999999999886e+02
2.408000000000000114e+02 2.726000000000000227e+02
2.408000000000000114e+02 2.726000000000000227e+02
2.401999999999999886e+02 2.731250000000000000e+02
2.395999999999999943e+02 2.736000000000000227e+02
2.390000000000000000e+02 2.740249999999999773e+02
2.384000000000000057e+02 2.743999999999999773e+02
2.384000000000000057e+02 2.743999999999999773e+02
2.377500000000000000e+02 2.748500000000000227e+02
2.370000000000000000e+02 2.751999999999999886e+02
2.361500000000000057e+02 2.754499999999999886e+02
2.351999999999999886e+02 2.756000000000000227e+02
2.351999999999999886e+02 2.756000000000000227e+02
2.347249999999999943e+02 2.761250000000000000e+02
2.341999999999999886e+02 2.766000000000000227e+02
2.336250000000000000e+02 2.770249999999999773e+02
2.330000000000000000e+02 2.773999999999999773e+02
