1.970000000000000000e+02 1.660000000000000000e+02
1.970509608231623702e+02 1.661576954361190985e+02
1.971044672607219752e+02 1.663232681345673996e+02
1.971606999371087170e+02 1.664972770276086180e+02
1.972198144919770755e+02 1.666802037335067723e+02
1.972198144919770755e+02 1.666802037335067723e+02
1.972707753151394456e+02 1.668378991696258709e+02
1.973242817526990223e+02 1.670034718680741435e+02
1.973805144290857640e+02 1.671774807611153619e+02
1.974396289839541225e+02 1.673604074670135162e+02
1.974396289839541225e+02 1.673604074670135162e+02
1.974905898071164927e+02 1.675181029031326148e+02
1.975440962446760977e+02 1.676836756015809158e+02
1.976003289210628395e+02 1.678576844946221343e+02
1.976594434759311980e+02 1.680406112005202885e+02
1.976594434759311980e+02 1.680406112005202885e+02
1.977188210361981078e+02 1.682243517620129012e+02
1.977753301324533766e+02 1.683992160209805604e+02
1.978289722995526176e+02 1.685652087269487822e+02
1.978797493323312722e+02 1.687223354339360810e+02
1.978797493323312722e+02 1.687223354339360810e+02
1.979307101554936423e+02 1.688800308700551795e+02
1.979842165930532474e+02 1.690456035685034806e+02
1.980404492694399892e+02 1.692196124615446990e+02
1.980995638243083476e+02 1.694025391674428533e+02
1.980995638243083476e+02 1.694025391674428533e+02
1.981471078416493867e+02 1.695496614877704076e+02
1.981946518589904258e+02 1.696967838080979334e+02
1.982421958763314649e+02 1.698439061284254876e+02
1.982897398936725040e+02 1.699910284487530134e+02
1.982897398936725040e+02 1.699910284487530134e+02
1.983419492507845803e+02 1.701525874038164829e+02
1.983941586078966566e+02 1.703141463588799525e+02
1.984463679650087329e+02 1.704757053139434220e+02
1.984985773221208092e+02 1.706372642690068915e+02
1.984985773221208092e+02 1.706372642690068915e+02
1.985517331494698112e+02 1.708017520236368227e+02
1.986048889768188133e+02 1.709662397782667540e+02
1.986580448041678153e+02 1.711307275328966853e+02
1.987112006315168173e+02 1.712952152875266165e+02
1.987112006315168173e+02 1.712952152875266165e+02
1.987657644208115926e+02 1.714640599021776382e+02
1.988175141267905133e+02 1.716241964923457317e+02
1.988664577460966996e+02 1.717756498031987746e+02
1.989126047341658818e+02 1.719184490940572800e+02
1.989126047341658818e+02 1.719184490940572800e+02
1.989618656916957207e+02 1.720708843904135392e+02
1.990111266492255595e+02 1.722233196867697984e+02
1.990603876067553983e+02 1.723757549831260576e+02
1.991096485642852372e+02 1.725281902794823168e+02
1.991096485642852372e+02 1.725281902794823168e+02
1.991506205590317791e+02 1.726549758410035338e+02
1.991931842881326986e+02 1.727866869360547071e+02
1.992387650340448602e+02 1.729277340220162102e+02
1.992885295238172603e+02 1.730817274709230276e+02
1.992885295238172603e+02 1.730817274709230276e+02
1.993394903469796304e+02 1.732394229070421261e+02
1.993841966712614067e+02 1.733777641438474291e+02
1.994254214259300397e+02 1.735053318569053715e+02
1.994666461805986728e+02 1.736328995699633140e+02
1.994666461805986728e+02 1.736328995699633140e+02
1.995131296031687214e+02 1.737767399386939360e+02
1.995596130257387699e+02 1.739205803074245580e+02
1.996060964483088185e+02 1.740644206761551800e+02
1.996525798708788670e+02 1.742082610448858020e+02
1.996525798708788670e+02 1.742082610448858020e+02
1.996933994584211689e+02 1.743345749907805668e+02
1.997342190459634708e+02 1.744608889366753317e+02
1.997754438006321038e+02 1.745884566497332742e+02
1.998174671719654896e+02 1.747184956376926550e+02
1.998174671719654896e+02 1.747184956376926550e+02
1.998582358304953743e+02 1.748446519865879338e+02
1.998990044890252591e+02 1.749708083354832127e+02
1.999397731475551439e+02 1.750969646843784915e+02
1.999805418060850286e+02 1.752231210332737703e+02
1.999805418060850286e+02 1.752231210332737703e+02
2.000266887941542109e+02 1.753659203241322757e+02
2.000706216347823556e+02 1.755018680587426729e+02
2.001124219373965900e+02 1.756312167729433895e+02
2.001521844441939209e+02 1.757542596411996101e+02
2.001521844441939209e+02 1.757542596411996101e+02
2.002026330852800697e+02 1.759103701583383952e+02
2.002514066133009578e+02 1.760612971311586250e+02
2.002986217540818075e+02 1.762074017612416128e+02
2.003444071539106801e+02 1.763490821373787298e+02
2.003444071539106801e+02 1.763490821373787298e+02
2.003919511712517192e+02 1.764962044577062841e+02
2.004335272083291102e+02 1.766248591946624060e+02
2.004751032454065012e+02 1.767535139316185280e+02
2.005226472627475403e+02 1.769006362519460822e+02
2.005226472627475403e+02 1.769006362519460822e+02
2.005665564517773873e+02 1.770365107979995685e+02
2.006104656408072344e+02 1.771723853440530547e+02
2.006543748298370815e+02 1.773082598901065410e+02
2.006982840188669286e+02 1.774441344361600272e+02
2.006982840188669286e+02 1.774441344361600272e+02
2.007460242746738004e+02 1.775918640055179765e+02
2.007912618733273575e+02 1.777318492413514832e+02
2.008340446908427737e+02 1.778642382933297483e+02
2.008744293346119036e+02 1.779892063298819664e+02
2.008744293346119036e+02 1.779892063298819664e+02
2.009292779550883665e+02 1.781589323388008097e+02
2.009790424448607666e+02 1.783129257877076270e+02
2.010246231907729282e+02 1.784539728736691302e+02
2.010671869198738477e+02 1.785856839687203035e+02
2.010671869198738477e+02 1.785856839687203035e+02
2.011097750477896682e+02 1.787174705645487052e+02
2.011550126464432253e+02 1.788574558003822119e+02
2.012029266617173562e+02 1.790057230587582637e+02
2.012535397649873801e+02 1.791623424949882519e+02
2.012535397649873801e+02 1.791623424949882519e+02
2.013021639750562315e+02 1.793128074117013284e+02
2.013486920717572559e+02 1.794567860220484192e+02
2.013933983960390321e+02 1.795951272588537222e+02
2.014365920153516356e+02 1.797287875141710458e+02
2.014365920153516356e+02 1.797287875141710458e+02
2.014900984529112407e+02 1.798943602126193468e+02
2.015410592760736108e+02 1.800520556487384454e+02
2.015896834861424622e+02 1.802025205654515219e+02
2.016362115828434867e+02 1.803464991757986127e+02
2.016362115828434867e+02 1.803464991757986127e+02
2.016852400265102006e+02 1.804982149709228452e+02
2.017349418537312715e+02 1.806520145140458453e+02
2.017861264133734380e+02 1.808104022902718953e+02
2.018395356900801119e+02 1.809756743298586343e+02
2.018395356900801119e+02 1.809756743298586343e+02
2.018887966476099507e+02 1.811281096262148935e+02
2.019352800701799993e+02 1.812719499949455155e+02
2.019817634927500478e+02 1.814157903636761375e+02
2.020310244502798867e+02 1.815682256600323967e+02
2.020310244502798867e+02 1.815682256600323967e+02
2.020824721713463816e+02 1.817274277746659266e+02
2.021358230666072302e+02 1.818925191561120300e+02
2.021924973676542265e+02 1.820678946321297076e+02
2.022536843198992358e+02 1.822572342565767372e+02
2.022536843198992358e+02 1.822572342565767372e+02
2.023113579242694584e+02 1.824357020212112275e+02
2.023690315286396810e+02 1.826141697858457178e+02
2.024268490474054829e+02 1.827930828855821517e+02
2.024849533256180223e+02 1.829728833464954505e+02
2.024849533256180223e+02 1.829728833464954505e+02
2.025359141487803925e+02 1.831305787826145490e+02
2.025894205863399691e+02 1.832961514810628216e+02
2.026456532627267109e+02 1.834701603741040401e+02
2.027047678175950409e+02 1.836530870800021944e+02
2.027047678175950409e+02 1.836530870800021944e+02
2.027638823724633994e+02 1.838360137859003487e+02
2.028201150488501412e+02 1.840100226789415672e+02
2.028736214864097462e+02 1.841755953773898682e+02
2.029245823095721164e+02 1.843332908135089667e+02
2.029245823095721164e+02 1.843332908135089667e+02
2.029836968644404749e+02 1.845162175194071210e+02
2.030399295408272167e+02 1.846902264124483395e+02
2.030934359783868217e+02 1.848557991108966405e+02
2.031443968015491919e+02 1.850134945470157390e+02
2.031443968015491919e+02 1.850134945470157390e+02
2.032035113564175219e+02 1.851964212529138933e+02
2.032597440328042637e+02 1.853704301459551118e+02
2.033132504703638403e+02 1.855360028444033844e+02
2.033642112935262105e+02 1.856936982805224829e+02
2.033642112935262105e+02 1.856936982805224829e+02
2.034248182615703513e+02 1.858812431760812842e+02
2.034796668820468142e+02 1.860509691850001275e+02
2.035294313718192143e+02 1.862049626339069448e+02
2.035750121177313758e+02 1.863460097198684480e+02
2.035750121177313758e+02 1.863460097198684480e+02
2.036240405613980897e+02 1.864977255149926805e+02
2.036737423886191607e+02 1.866515250581156806e+02
2.037249269482613272e+02 1.868099128343417306e+02
2.037783362249680010e+02 1.869751848739284696e+02
2.037783362249680010e+02 1.869751848739284696e+02
2.038231122033937481e+02 1.871137416516125427e+02
2.038707653418729251e+02 1.872612016412397224e+02
2.039219499015150916e+02 1.874195894174657724e+02
2.039771948185711210e+02 1.875905417441336169e+02
2.039771948185711210e+02 1.875905417441336169e+02
2.040269801783338721e+02 1.877445997740660744e+02
2.040757537063547602e+02 1.878955267468863042e+02
2.041236677216288911e+02 1.880437940052623560e+02
2.041708828624097407e+02 1.881898986353453438e+02
2.041708828624097407e+02 1.881898986353453438e+02
2.042147920514395878e+02 1.883257731813988300e+02
2.042587012404694349e+02 1.884616477274523163e+02
2.043026104294992820e+02 1.885975222735058026e+02
2.043465196185291290e+02 1.887333968195592888e+02
2.043465196185291290e+02 1.887333968195592888e+02
2.043923956826048709e+02 1.888753577511714354e+02
2.044371716610306180e+02 1.890139145288555085e+02
2.044832285181776683e+02 1.891564349145828032e+02
2.045327628577203427e+02 1.893097161763898839e+02
2.045327628577203427e+02 1.893097161763898839e+02
2.045789098457895250e+02 1.894525154672483893e+02
2.046228426864176697e+02 1.895884632018587865e+02
2.046646429890319041e+02 1.897178119160595031e+02
2.047044054958292350e+02 1.898408547843157237e+02
2.047044054958292350e+02 1.898408547843157237e+02
2.047527511776182791e+02 1.899904578107407076e+02
2.047975271560440262e+02 1.901290145884247806e+02
2.048394267469278702e+02 1.902586705446597648e+02
2.048792936174396289e+02 1.903820363606322132e+02
2.048792936174396289e+02 1.903820363606322132e+02
2.049312636637863534e+02 1.905428547818273728e+02
2.049785447628868269e+02 1.906891635162660918e+02
2.050214003609779922e+02 1.908217777836926530e+02
2.050601841924556368e+02 1.909417921955429165e+02
2.050601841924556368e+02 1.909417921955429165e+02
2.051043057894444246e+02 1.910783240262248626e+02
2.051502723389415621e+02 1.912205649599465858e+02
2.051981863542156930e+02 1.913688322183226376e+02
2.052481383600001266e+02 1.915234059251111489e+02
2.052481383600001266e+02 1.915234059251111489e+02
2.052930301884989888e+02 1.916623211944104241e+02
2.053382907445753176e+02 1.918023774707132816e+02
2.053842798876100630e+02 1.919446883188819299e+02
2.054313407661417159e+02 1.920903155930048740e+02
2.054313407661417159e+02 1.920903155930048740e+02
2.054793414252755213e+02 1.922388509659911904e+02
2.055293765459357189e+02 1.923936818671452329e+02
2.055821597582062452e+02 1.925570165851156901e+02
2.056382999921889052e+02 1.927307394202731530e+02
2.056382999921889052e+02 1.927307394202731530e+02
2.056853608707205581e+02 1.928763666943960970e+02
2.057313500137553035e+02 1.930186775425647454e+02
2.057766105698316323e+02 1.931587338188676028e+02
2.058215023983304945e+02 1.932976490881668781e+02
2.058215023983304945e+02 1.932976490881668781e+02
2.058648640401364389e+02 1.934318292797552772e+02
2.059093607477810224e+02 1.935695218695221058e+02
2.059551461476098950e+02 1.937112022456592229e+02
2.060023612883907447e+02 1.938573068757422107e+02
2.060023612883907447e+02 1.938573068757422107e+02
2.060470676126725209e+02 1.939956481125475136e+02
2.060902612319851244e+02 1.941293083678648372e+02
2.061322846033185101e+02 1.942593473558242181e+02
2.061735093579871432e+02 1.943869150688821605e+02
2.061735093579871432e+02 1.943869150688821605e+02
2.062232738477595433e+02 1.945409085177889779e+02
2.062688545936717048e+02 1.946819556037504810e+02
2.063114183227726244e+02 1.948136666988016543e+02
2.063523903175191663e+02 1.949404522603228713e+02
2.063523903175191663e+02 1.949404522603228713e+02
2.064007359993082105e+02 1.950900552867478552e+02
2.064476863802031517e+02 1.952353406320727913e+02
2.064941027109567813e+02 1.953789733889048819e+02
2.065408757526688532e+02 1.955237099679805226e+02
2.065408757526688532e+02 1.955237099679805226e+02
2.065957243731453161e+02 1.956934359768993943e+02
2.066454888629177162e+02 1.958474294258062116e+02
2.066910696088298778e+02 1.959884765117677148e+02
2.067336333379307973e+02 1.961201876068188881e+02
2.067336333379307973e+02 1.961201876068188881e+02
2.067819790197198415e+02 1.962697906332438720e+02
2.068326741540052183e+02 1.964266639098936480e+02
2.068876173900781055e+02 1.965966827015191996e+02
2.069483099975150253e+02 1.967844926034212278e+02
2.069483099975150253e+02 1.967844926034212278e+02
2.069948380942160497e+02 1.969284712137683186e+02
2.070434623042849012e+02 1.970789361304813951e+02
2.070944231274472713e+02 1.972366315666004937e+02
2.071479295650068764e+02 1.974022042650487947e+02
2.071479295650068764e+02 1.974022042650487947e+02
2.071988903881692465e+02 1.975598997011678932e+02
2.072523968257288232e+02 1.977254723996161658e+02
2.073086295021155649e+02 1.978994812926573843e+02
2.073677440569839234e+02 1.980824079985555386e+02
2.073677440569839234e+02 1.980824079985555386e+02
2.074211533336905973e+02 1.982476800381422777e+02
2.074723378933327638e+02 1.984060678143683276e+02
2.075220397205538347e+02 1.985598673574913278e+02
2.075710681642205486e+02 1.987115831526155603e+02
2.075710681642205486e+02 1.987115831526155603e+02
2.076301827190889071e+02 1.988945098585137146e+02
2.076864153954756489e+02 1.990685187515549330e+02
2.077399218330352539e+02 1.992340914500032341e+02
2.077908826561976241e+02 1.993917868861223326e+02
2.077908826561976241e+02 1.993917868861223326e+02
2.078434884454038922e+02 1.995545725782772877e+02
2.078954584917506168e+02 1.997153909994724472e+02
2.079474285380973413e+02 1.998762094206676068e+02
2.080000343273036094e+02 2.000389951128225619e+02
2.080000343273036094e+02 2.000389951128225619e+02
2.080591488821719679e+02 2.002219218187207161e+02
2.081153815585587097e+02 2.003959307117619346e+02
2.081688879961182863e+02 2.005615034102102072e+02
2.082198488192806565e+02 2.007191988463293058e+02
2.082198488192806565e+02 2.007191988463293058e+02
2.082720581763927328e+02 2.008807578013927753e+02
2.083242675335048091e+02 2.010423167564562448e+02
2.083764768906168854e+02 2.012038757115197143e+02
2.084286862477289617e+02 2.013654346665831838e+02
2.084286862477289617e+02 2.013654346665831838e+02
2.084791554758965901e+02 2.015216088893019162e+02
2.085325063711574387e+02 2.016867002707480196e+02
2.085888866401245139e+02 2.018611658808294749e+02
2.086484214459345026e+02 2.020453930299192677e+02
2.086484214459345026e+02 2.020453930299192677e+02
2.086996060055766691e+02 2.022037808061453177e+02
2.087530152822833429e+02 2.023690528457320568e+02
2.088093033512394925e+02 2.025432331480018888e+02
2.088690297838402330e+02 2.027280532755497120e+02
2.088690297838402330e+02 2.027280532755497120e+02
2.089239162701275632e+02 2.028978964581165769e+02
2.089788027564148649e+02 2.030677396406834418e+02
2.090351830253819401e+02 2.032422052507649255e+02
2.090944379950677501e+02 2.034255664625148938e+02
2.090944379950677501e+02 2.034255664625148938e+02
2.091419820124087892e+02 2.035726887828424481e+02
2.091895260297498282e+02 2.037198111031700023e+02
2.092370700470908673e+02 2.038669334234975281e+02
2.092846140644319064e+02 2.040140557438250823e+02
2.092846140644319064e+02 2.040140557438250823e+02
2.093311421611329308e+02 2.041580343541721732e+02
2.093797663712017822e+02 2.043084992708852496e+02
2.094307271943641524e+02 2.044661947070043482e+02
2.094842336319237575e+02 2.046317674054526492e+02
2.094842336319237575e+02 2.046317674054526492e+02
2.095399093516018922e+02 2.048040528269011418e+02
2.095937641168458470e+02 2.049707034060171225e+02
2.096463699060521151e+02 2.051334890981720775e+02
2.096983399523988396e+02 2.052943075193672371e+02
2.096983399523988396e+02 2.052943075193672371e+02
2.097540343270346739e+02 2.054666506675459345e+02
2.098047294613200506e+02 2.056235239441957106e+02
2.098507863184671010e+02 2.057660443299230053e+02
2.098926859093509449e+02 2.058957002861579895e+02
2.098926859093509449e+02 2.058957002861579895e+02
2.099365950983807920e+02 2.060315748322114757e+02
2.099805042874106391e+02 2.061674493782649620e+02
2.100244134764404862e+02 2.063033239243184482e+02
2.100683226654703333e+02 2.064391984703719345e+02
2.100683226654703333e+02 2.064391984703719345e+02
2.101122318545001804e+02 2.065750730164254207e+02
2.101561410435300274e+02 2.067109475624789070e+02
2.102000502325598745e+02 2.068468221085323933e+02
2.102439594215897216e+02 2.069826966545858795e+02
2.102439594215897216e+02 2.069826966545858795e+02
2.102915034389307607e+02 2.071298189749134337e+02
2.103390474562717998e+02 2.072769412952409880e+02
2.103865914736128389e+02 2.074240636155685138e+02
2.104341354909538779e+02 2.075711859358960680e+02
2.104341354909538779e+02 2.075711859358960680e+02
2.104749296219376902e+02 2.076974211078848782e+02
2.105173221661429181e+02 2.078286024807865715e+02
2.105614437631317060e+02 2.079651343114685176e+02
2.106074103126288435e+02 2.081073752451902408e+02
2.106074103126288435e+02 2.081073752451902408e+02
2.106589185723172761e+02 2.082667646932260652e+02
2.107060456250721927e+02 2.084125967398065598e+02
2.107493113339247657e+02 2.085464800722003531e+02
2.107893861165141232e+02 2.086704892605462760e+02
2.107893861165141232e+02 2.086704892605462760e+02
2.108484830960721865e+02 2.088533615806231296e+02
2.108994235308267946e+02 2.090109939259471048e+02
2.109453900803239321e+02 2.091532348596688280e+02
2.109906276789774893e+02 2.092932200955023347e+02
2.109906276789774893e+02 2.092932200955023347e+02
2.110414047117561438e+02 2.094503468024896335e+02
2.110866423104097009e+02 2.095903320383231403e+02
2.111305751510378457e+02 2.097262797729335375e+02
2.111777902918186953e+02 2.098723844030165253e+02
2.111777902918186953e+02 2.098723844030165253e+02
2.112233710377308569e+02 2.100134314889780285e+02
2.112659347668317764e+02 2.101451425840292018e+02
2.113069067615783183e+02 2.102719281455504188e+02
2.113478787563248602e+02 2.103987137070716358e+02
2.113478787563248602e+02 2.103987137070716358e+02
2.113934595022370218e+02 2.105397607930331390e+02
2.114360232313379413e+02 2.106714718880843122e+02
2.114769952260844832e+02 2.107982574496055292e+02
2.115179672208310251e+02 2.109250430111267463e+02
2.115179672208310251e+02 2.109250430111267463e+02
2.115592675018310729e+02 2.110528444362213349e+02
2.116013649667359289e+02 2.111831127026213721e+02
2.116452031244078285e+02 2.113187674460838252e+02
2.116916194551614581e+02 2.114624002029159158e+02
2.116916194551614581e+02 2.114624002029159158e+02
2.117368800112377869e+02 2.116024564792187732e+02
2.117817718397366491e+02 2.117413717485180484e+02
2.118266636682355113e+02 2.118802870178173237e+02
2.118719242243118401e+02 2.120203432941201811e+02
2.118719242243118401e+02 2.120203432941201811e+02
2.119096490041331720e+02 2.121370805294561706e+02
2.119534871618050715e+02 2.122727352729186237e+02
2.120035222824652692e+02 2.124275661740726662e+02
2.120598103514214188e+02 2.126017464763424982e+02
2.120598103514214188e+02 2.126017464763424982e+02
2.121006299389637206e+02 2.127280604222372631e+02
2.121414495265060225e+02 2.128543743681320279e+02
2.121826742811746556e+02 2.129819420811899704e+02
2.122246976525080413e+02 2.131119810691493512e+02
2.122246976525080413e+02 2.131119810691493512e+02
2.122724379083149131e+02 2.132597106385073005e+02
2.123176755069684702e+02 2.133996958743408072e+02
2.123604583244838864e+02 2.135320849263190723e+02
2.124008429682530164e+02 2.136570529628712904e+02
2.124008429682530164e+02 2.136570529628712904e+02
2.124506283280157675e+02 2.138111109928037479e+02
2.124994018560366555e+02 2.139620379656239777e+02
2.125473158713107864e+02 2.141103052240000295e+02
2.125945310120916361e+02 2.142564098540830173e+02
2.125945310120916361e+02 2.142564098540830173e+02
2.126469389600960653e+02 2.144185833376300820e+02
2.126939998386277182e+02 2.145642106117530261e+02
2.127370006283197483e+02 2.146972741665222770e+02
2.127776161166455040e+02 2.148229565387303239e+02
2.127776161166455040e+02 2.148229565387303239e+02
2.128344916829947238e+02 2.149989548190442861e+02
2.128841935102157947e+02 2.151527543621672862e+02
2.129280316678876943e+02 2.152884091056297393e+02
2.129678985383994529e+02 2.154117749216021878e+02
2.129678985383994529e+02 2.154117749216021878e+02
2.130088705331459948e+02 2.155385604831234048e+02
2.130498425278925367e+02 2.156653460446446218e+02
2.130924062569934563e+02 2.157970571396957951e+02
2.131379870029056178e+02 2.159381042256572982e+02
2.131379870029056178e+02 2.159381042256572982e+02
2.131787811338894301e+02 2.160643393976461084e+02
2.132211736780946580e+02 2.161955207705478017e+02
2.132652952750834459e+02 2.163320526012297478e+02
2.133112618245805834e+02 2.164742935349514710e+02
2.133112618245805834e+02 2.164742935349514710e+02
2.133531614154644274e+02 2.166039494911864551e+02
2.133992182726114777e+02 2.167464698769137499e+02
2.134499134068968544e+02 2.169033431535635259e+02
2.135056077815326887e+02 2.170756863017422233e+02
2.135056077815326887e+02 2.170756863017422233e+02
2.135454746520444473e+02 2.171990521177146718e+02
2.135893128097163469e+02 2.173347068611771533e+02
2.136390146369374179e+02 2.174885064043001535e+02
2.136958902032866376e+02 2.176645046846141156e+02
2.136958902032866376e+02 2.176645046846141156e+02
2.137374662403640286e+02 2.177931594215702376e+02
2.137790422774414196e+02 2.179218141585263595e+02
2.138206183145188106e+02 2.180504688954824815e+02
2.138621943515962016e+02 2.181791236324386034e+02
2.138621943515962016e+02 2.181791236324386034e+02
2.139097383689372407e+02 2.183262459527661576e+02
2.139572823862782798e+02 2.184733682730936835e+02
2.140048264036193189e+02 2.186204905934212377e+02
2.140523704209603579e+02 2.187676129137487919e+02
2.140523704209603579e+02 2.187676129137487919e+02
2.141035549806025244e+02 2.189260006899748419e+02
2.141560223592985324e+02 2.190883580784952187e+02
2.142117167339343666e+02 2.192607012266739162e+02
2.142722722602082683e+02 2.194480869385326116e+02
2.142722722602082683e+02 2.194480869385326116e+02
2.143141718510921123e+02 2.195777428947675958e+02
2.143602287082391626e+02 2.197202632804948905e+02
2.144109238425245394e+02 2.198771365571446665e+02
2.144666182171603737e+02 2.200494797053233640e+02
2.144666182171603737e+02 2.200494797053233640e+02
2.145127652052295559e+02 2.201922789961818694e+02
2.145606792205036868e+02 2.203405462545579212e+02
2.146143213876029279e+02 2.205065389605261430e+02
2.146765687345512106e+02 2.206991599174716612e+02
2.146765687345512106e+02 2.206991599174716612e+02
2.147217143867709694e+02 2.208388606301739401e+02
2.147717495074311671e+02 2.209936915313279826e+02
2.148269944244871965e+02 2.211646438579958271e+02
2.148876870319241164e+02 2.213524537598978554e+02
2.148876870319241164e+02 2.213524537598978554e+02
2.149483796393610362e+02 2.215402636617998837e+02
2.150036245564170656e+02 2.217112159884677283e+02
2.150536596770772633e+02 2.218660468896217708e+02
2.150988053292970221e+02 2.220057476023240497e+02
2.150988053292970221e+02 2.220057476023240497e+02
2.151609357483469012e+02 2.221980067323839876e+02
2.152144421859064778e+02 2.223635794308322602e+02
2.152609702826075022e+02 2.225075580411793510e+02
2.153029936539408880e+02 2.226375970291387318e+02
2.153029936539408880e+02 2.226375970291387318e+02
2.153552030110529643e+02 2.227991559842022014e+02
2.154074123681650406e+02 2.229607149392656709e+02
2.154596217252771169e+02 2.231222738943291404e+02
2.155118310823891932e+02 2.232838328493926099e+02
2.155118310823891932e+02 2.232838328493926099e+02
2.155738778466023575e+02 2.234758331142078305e+02
2.156279059335485044e+02 2.236430200277023346e+02
2.156748563144434456e+02 2.237883053730272707e+02
2.157161565954434934e+02 2.239161067981218594e+02
2.157161565954434934e+02 2.239161067981218594e+02
2.157824761891573644e+02 2.241213290964475675e+02
2.158430317154312661e+02 2.243087148083062630e+02
2.158979749515041533e+02 2.244787335999318145e+02
2.159475092910468277e+02 2.246320148617388952e+02
2.159475092910468277e+02 2.246320148617388952e+02
2.159926549432665865e+02 2.247717155744411741e+02
2.160426900639267842e+02 2.249265464755952166e+02
2.160979349809828136e+02 2.250974988022630612e+02
2.161586275884197335e+02 2.252853087041650895e+02
2.161586275884197335e+02 2.252853087041650895e+02
2.162162831782324588e+02 2.254637207237522603e+02
2.162739387680451841e+02 2.256421327433394310e+02
2.163315943578579095e+02 2.258205447629266018e+02
2.163892499476706348e+02 2.259989567825137726e+02
2.163892499476706348e+02 2.259989567825137726e+02
2.164483645025389933e+02 2.261818834884119269e+02
2.165045971789257351e+02 2.263558923814531454e+02
2.165581036164853401e+02 2.265214650799014464e+02
2.166090644396477103e+02 2.266791605160205449e+02
2.166090644396477103e+02 2.266791605160205449e+02
2.166598414724263648e+02 2.268362872230078437e+02
2.167134836395256059e+02 2.270022799289760655e+02
2.167699927357808747e+02 2.271771441879437248e+02
2.168293702960477844e+02 2.273608847494363374e+02
2.168293702960477844e+02 2.273608847494363374e+02
2.168870258858605098e+02 2.275392967690235082e+02
2.169446814756732351e+02 2.277177087886106790e+02
2.170023370654859605e+02 2.278961208081978498e+02
2.170599926552986858e+02 2.280745328277850206e+02
2.170599926552986858e+02 2.280745328277850206e+02
2.171191072101670159e+02 2.282574595336831749e+02
2.171753398865537577e+02 2.284314684267243933e+02
2.172288463241133343e+02 2.285970411251726659e+02
2.172798071472757044e+02 2.287547365612917645e+02
2.172798071472757044e+02 2.287547365612917645e+02
2.173307679704380746e+02 2.289124319974108630e+02
2.173842744079976796e+02 2.290780046958591640e+02
2.174405070843844214e+02 2.292520135889003825e+02
2.174996216392527799e+02 2.294349402947985368e+02
2.174996216392527799e+02 2.294349402947985368e+02
2.175428633316123239e+02 2.295687493094889078e+02
2.175918705829531348e+02 2.297203995261380101e+02
2.176466433932752409e+02 2.298898909447458152e+02
2.177071817625786139e+02 2.300772235653123516e+02
2.177071817625786139e+02 2.300772235653123516e+02
2.177425178665396288e+02 2.301865691759028039e+02
2.177888445903935803e+02 2.303299246491619670e+02
2.178465181947638030e+02 2.305083924137964573e+02
2.179157199153867737e+02 2.307225332937242115e+02
2.179157199153867737e+02 2.307225332937242115e+02
2.179679292724988500e+02 2.308840922487876810e+02
2.180201386296109263e+02 2.310456512038511505e+02
2.180723479867230026e+02 2.312072101589146200e+02
2.181245573438350789e+02 2.313687691139780895e+02
2.181245573438350789e+02 2.313687691139780895e+02
2.181767667009471552e+02 2.315303280690415590e+02
2.182289760580592315e+02 2.316918870241050286e+02
2.182811854151713078e+02 2.318534459791684981e+02
2.183333947722833841e+02 2.320150049342319676e+02
2.183333947722833841e+02 2.320150049342319676e+02
2.183869012098429607e+02 2.321805776326802402e+02
2.184378620330053309e+02 2.323382730687993387e+02
2.184864862430741823e+02 2.324887379855124152e+02
2.185330143397752067e+02 2.326327165958595060e+02
2.185330143397752067e+02 2.326327165958595060e+02
2.185777206640569830e+02 2.327710578326648090e+02
2.186253083598797673e+02 2.329183153136274882e+02
2.186759419833627760e+02 2.330749982485165788e+02
2.187297581568674332e+02 2.332415294076393764e+02
2.187297581568674332e+02 2.332415294076393764e+02
2.187878624350799726e+02 2.334213298685526752e+02
2.188456799538457744e+02 2.336002429682891091e+02
2.189033535582159971e+02 2.337787107329235994e+02
2.189610271625862197e+02 2.339571784975580897e+02
2.189610271625862197e+02 2.339571784975580897e+02
2.190216341306303605e+02 2.341447233931168910e+02
2.190764827511068233e+02 2.343144494020357342e+02
2.191262472408792235e+02 2.344684428509425516e+02
2.191718279867913850e+02 2.346094899369040547e+02
2.191718279867913850e+02 2.346094899369040547e+02
2.192233362464798176e+02 2.347688793849398792e+02
2.192704632992347342e+02 2.349147114315203737e+02
2.193137290080873072e+02 2.350485947639141671e+02
2.193538037906766647e+02 2.351726039522600900e+02
2.193538037906766647e+02 2.351726039522600900e+02
2.194024280007455161e+02 2.353230688689731664e+02
2.194489560974465405e+02 2.354670474793202573e+02
2.194936624217283168e+02 2.356053887161255602e+02
2.195368560410409202e+02 2.357390489714428838e+02
2.195368560410409202e+02 2.357390489714428838e+02
2.195815623653226965e+02 2.358773902082481868e+02
2.196247559846352999e+02 2.360110504635655104e+02
2.196667793559686856e+02 2.361410894515248913e+02
2.197080041106373187e+02 2.362686571645828337e+02
2.197080041106373187e+02 2.362686571645828337e+02
2.197513657524432631e+02 2.364028373561712613e+02
2.197958624600878466e+02 2.365405299459380899e+02
2.198416478599167192e+02 2.366822103220752069e+02
2.198888630006975689e+02 2.368283149521581947e+02
2.198888630006975689e+02 2.368283149521581947e+02
2.199372086824866130e+02 2.369779179785831786e+02
2.199841590633815542e+02 2.371232033239081147e+02
2.200305753941351838e+02 2.372668360807402053e+02
2.200773484358472558e+02 2.374115726598158460e+02
2.200773484358472558e+02 2.374115726598158460e+02
2.201221939602301347e+02 2.375503446436006527e+02
2.201677747061422963e+02 2.376913917295621559e+02
2.202154931975277918e+02 2.378390539501272940e+02
2.202665761802497570e+02 2.379971274022169609e+02
2.202665761802497570e+02 2.379971274022169609e+02
2.203173532130284116e+02 2.381542541092042597e+02
2.203657847664335918e+02 2.383041228605747506e+02
2.204119317545027741e+02 2.384469221514332560e+02
2.204558645951309188e+02 2.385828698860436532e+02
2.204558645951309188e+02 2.385828698860436532e+02
2.204968365898774607e+02 2.387096554475648702e+02
2.205378085846240026e+02 2.388364410090861156e+02
2.205803723137249222e+02 2.389681521041372889e+02
2.206259530596370837e+02 2.391091991900987921e+02
2.206259530596370837e+02 2.391091991900987921e+02
2.206648972660158563e+02 2.392297098731709184e+02
2.207078980557078864e+02 2.393627734279401693e+02
2.207563510532378359e+02 2.395127085369634017e+02
2.208112375395251661e+02 2.396825517195302666e+02
2.208112375395251661e+02 2.396825517195302666e+02
2.208595832213142103e+02 2.398321547459552505e+02
2.209043591997399574e+02 2.399707115236393236e+02
2.209462587906238014e+02 2.401003674798743077e+02
2.209861256611355600e+02 2.402237332958467562e+02
2.209861256611355600e+02 2.402237332958467562e+02
2.210338659169424318e+02 2.403714628652047054e+02
2.210791035155959889e+02 2.405114481010382121e+02
2.211218863331114051e+02 2.406438371530164773e+02
2.211622709768805350e+02 2.407688051895686954e+02
2.211622709768805350e+02 2.407688051895686954e+02
2.212073014320454547e+02 2.409081494313845440e+02
2.212523318872103744e+02 2.410474936732003925e+02
2.212973623423752940e+02 2.411868379150162411e+02
2.213423927975402137e+02 2.413261821568320897e+02
2.213423927975402137e+02 2.413261821568320897e+02
2.213830082858659694e+02 2.414518645290401082e+02
2.214260090755579995e+02 2.415849280838093591e+02
2.214730699540896524e+02 2.417305553579323032e+02
2.215254779020940816e+02 2.418927288414793679e+02
2.215254779020940816e+02 2.418927288414793679e+02
2.215770869016786548e+02 2.420524300235271369e+02
2.216246745975014107e+02 2.421996875044898161e+02
2.216682513162820669e+02 2.423345332398277492e+02
2.217078305244098715e+02 2.424570089005343050e+02
2.217078305244098715e+02 2.424570089005343050e+02
2.217485991829397562e+02 2.425831652494295838e+02
2.217893678414696410e+02 2.427093215983248626e+02
2.218301364999995258e+02 2.428354779472201415e+02
2.218709051585294105e+02 2.429616342961154203e+02
2.218709051585294105e+02 2.429616342961154203e+02
2.219225141581139553e+02 2.431213354781631892e+02
2.219701018539367396e+02 2.432685929591258684e+02
2.220136785727173958e+02 2.434034386944638015e+02
2.220532577808452004e+02 2.435259143551703573e+02
2.220532577808452004e+02 2.435259143551703573e+02
2.221056657288496297e+02 2.436880878387174221e+02
2.221527266073812825e+02 2.438337151128403661e+02
2.221957273970733127e+02 2.439667786676096171e+02
2.222363428853990683e+02 2.440924610398176640e+02
2.222363428853990683e+02 2.440924610398176640e+02
2.222842569006731992e+02 2.442407282981937158e+02
2.223342089064576328e+02 2.443953020049822271e+02
2.223862787992870835e+02 2.445564293955711435e+02
2.224405371206013058e+02 2.447243287565268020e+02
2.224405371206013058e+02 2.447243287565268020e+02
2.224806119031906633e+02 2.448483379448727248e+02
2.225238776120432362e+02 2.449822212772665182e+02
2.225710046647981528e+02 2.451280533238470127e+02
2.226225129244865570e+02 2.452874427718828372e+02
2.226225129244865570e+02 2.452874427718828372e+02
2.226649054686917850e+02 2.454186241447845305e+02
2.227106908685206577e+02 2.455603045209216759e+02
2.227611395096068065e+02 2.457164150380604610e+02
2.228172056799240011e+02 2.458899086873197746e+02
2.228172056799240011e+02 2.458899086873197746e+02
2.228597938078398215e+02 2.460216952831481763e+02
2.229050314064933787e+02 2.461616805189816830e+02
2.229529454217675095e+02 2.463099477773577348e+02
2.230035585250375334e+02 2.464665672135877230e+02
2.230035585250375334e+02 2.464665672135877230e+02
2.230443526560213456e+02 2.465928023855765332e+02
2.230867452002265736e+02 2.467239837584782265e+02
2.231308667972153614e+02 2.468605155891601726e+02
2.231768333467124990e+02 2.470027565228818958e+02
2.231768333467124990e+02 2.470027565228818958e+02
2.232266187064752216e+02 2.471568145528143532e+02
2.232753922344961097e+02 2.473077415256345830e+02
2.233233062497702406e+02 2.474560087840106348e+02
2.233705213905510902e+02 2.476021134140936226e+02
2.233705213905510902e+02 2.476021134140936226e+02
2.234113409780933921e+02 2.477284273599883875e+02
2.234545345974059956e+02 2.478620876153057111e+02
2.235031588074748470e+02 2.480125525320187876e+02
2.235593914838615888e+02 2.481865614250600061e+02
2.235593914838615888e+02 2.481865614250600061e+02
2.236025851031741922e+02 2.483202216803773297e+02
2.236472914274559685e+02 2.484585629171826326e+02
2.236938195241569929e+02 2.486025415275297235e+02
2.237424437342258443e+02 2.487530064442427999e+02
2.237424437342258443e+02 2.487530064442427999e+02
2.237910679442946957e+02 2.489034713609558764e+02
2.238375960409957202e+02 2.490474499713029672e+02
2.238823023652774964e+02 2.491857912081082702e+02
2.239254959845900999e+02 2.493194514634255938e+02
2.239254959845900999e+02 2.493194514634255938e+02
2.239777053417021762e+02 2.494810104184890633e+02
2.240299146988142525e+02 2.496425693735525329e+02
2.240821240559263288e+02 2.498041283286160024e+02
2.241343334130384051e+02 2.499656872836794719e+02
2.241343334130384051e+02 2.499656872836794719e+02
2.241840979028108052e+02 2.501196807325862892e+02
2.242296786487229667e+02 2.502607278185477924e+02
2.242722423778238863e+02 2.503924389135989657e+02
2.243132143725704282e+02 2.505192244751201827e+02
2.243132143725704282e+02 2.505192244751201827e+02
2.243723289274387866e+02 2.507021511810183370e+02
2.244285616038255284e+02 2.508761600740595554e+02
2.244820680413851051e+02 2.510417327725078280e+02
2.245330288645474752e+02 2.511994282086269266e+02
2.245330288645474752e+02 2.511994282086269266e+02
2.245786096104596368e+02 2.513404752945884297e+02
2.246283741002320369e+02 2.514944687434952471e+02
2.246832227207084998e+02 2.516641947524140903e+02
2.247438296887526405e+02 2.518517396479728916e+02
2.247438296887526405e+02 2.518517396479728916e+02
2.247962970674486485e+02 2.520140970364932969e+02
2.248503251543947954e+02 2.521812839499878010e+02
2.249066132233509450e+02 2.523554642522576330e+02
2.249657804728262818e+02 2.525385540186896378e+02
2.249657804728262818e+02 2.525385540186896378e+02
2.250179898299383581e+02 2.527001129737531073e+02
2.250701991870504344e+02 2.528616719288165768e+02
2.251224085441625107e+02 2.530232308838800463e+02
2.251746179012745870e+02 2.531847898389435159e+02
2.251746179012745870e+02 2.531847898389435159e+02
2.252253949340532415e+02 2.533419165459308147e+02
2.252790371011524826e+02 2.535079092518990365e+02
2.253355461974077514e+02 2.536827735108666957e+02
2.253949237576746611e+02 2.538665140723593083e+02
2.253949237576746611e+02 2.538665140723593083e+02
2.254458845808370313e+02 2.540242095084784069e+02
2.254993910183966364e+02 2.541897822069267079e+02
2.255556236947833781e+02 2.543637910999679264e+02
2.256147382496517366e+02 2.545467178058660807e+02
2.256147382496517366e+02 2.545467178058660807e+02
2.256752766189551096e+02 2.547340504264326171e+02
2.257300494292772157e+02 2.549035418450404507e+02
2.257790566806180266e+02 2.550551920616895529e+02
2.258222983729775706e+02 2.551890010763799239e+02
2.258222983729775706e+02 2.551890010763799239e+02
2.258732591961399407e+02 2.553466965124990224e+02
2.259267656336995174e+02 2.555122692109472951e+02
2.259829983100862592e+02 2.556862781039885135e+02
2.260421128649545892e+02 2.558692048098866678e+02
2.260421128649545892e+02 2.558692048098866678e+02
2.261113145855775599e+02 2.560833456898143936e+02
2.261689881899477825e+02 2.562618134544488839e+02
2.262153149138017341e+02 2.564051689277080186e+02
2.262506510177627490e+02 2.565145145382984992e+02
2.262506510177627490e+02 2.565145145382984992e+02
2.263183963357926984e+02 2.567241486613134498e+02
2.263774933153507618e+02 2.569070209813903034e+02
2.264279419564369107e+02 2.570631314985290601e+02
2.264697422590511451e+02 2.571924802127297767e+02
2.264697422590511451e+02 2.571924802127297767e+02
2.265235584325558307e+02 2.573590113718525458e+02
2.265741920560388394e+02 2.575156943067416364e+02
2.266217797518616237e+02 2.576629517877043440e+02
2.266664860761433999e+02 2.578012930245096754e+02
2.266664860761433999e+02 2.578012930245096754e+02
2.267115395942830105e+02 2.579407086334194901e+02
2.267594536095571414e+02 2.580889758917955419e+02
2.268102306423357959e+02 2.582461025987828407e+02
2.268638728094350370e+02 2.584120953047510625e+02
2.268638728094350370e+02 2.584120953047510625e+02
2.269093851328729272e+02 2.585529306611671814e+02
2.269570382713521042e+02 2.587003906507943611e+02
2.270075692104392715e+02 2.588567558345251882e+02
2.270615972973854184e+02 2.590239427480196923e+02
2.270615972973854184e+02 2.590239427480196923e+02
2.271151037349449950e+02 2.591895154464679649e+02
2.271660645581073652e+02 2.593472108825870919e+02
2.272146887681762166e+02 2.594976757993001684e+02
2.272612168648772411e+02 2.596416544096472308e+02
2.272612168648772411e+02 2.596416544096472308e+02
2.273063625170969999e+02 2.597813551223495097e+02
2.273563976377571976e+02 2.599361860235035806e+02
2.274116425548132270e+02 2.601071383501713967e+02
2.274723351622501468e+02 2.602949482520734250e+02
2.274723351622501468e+02 2.602949482520734250e+02
2.275213636059168607e+02 2.604466640471976575e+02
2.275710654331379317e+02 2.606004635903206577e+02
2.276222499927800982e+02 2.607588513665467076e+02
2.276756592694867720e+02 2.609241234061334467e+02
2.276756592694867720e+02 2.609241234061334467e+02
2.277262723727567959e+02 2.610807428423634633e+02
2.277741863880309268e+02 2.612290101007395151e+02
2.278194239866844839e+02 2.613689953365729934e+02
2.278620121146003044e+02 2.615007819324014235e+02
2.278620121146003044e+02 2.615007819324014235e+02
2.279129729377626745e+02 2.616584773685205505e+02
2.279664793753222796e+02 2.618240500669688231e+02
2.280227120517090214e+02 2.619980589600100416e+02
2.280818266065773798e+02 2.621809856659082243e+02
2.280818266065773798e+02 2.621809856659082243e+02
2.281274073524895414e+02 2.623220327518697559e+02
2.281751258438750369e+02 2.624696949724348656e+02
2.282262088265970021e+02 2.626277684245245041e+02
2.282816601972645003e+02 2.627993596104233802e+02
2.282816601972645003e+02 2.627993596104233802e+02
2.283248538165771038e+02 2.629330198657407323e+02
2.283695601408588800e+02 2.630713611025460636e+02
2.284160882375599044e+02 2.632153397128931829e+02
2.284647124476287559e+02 2.633658046296062594e+02
2.284647124476287559e+02 2.633658046296062594e+02
2.285178682749777579e+02 2.635302923842361906e+02
2.285710241023267599e+02 2.636947801388661219e+02
2.286241799296757620e+02 2.638592678934960531e+02
2.286773357570247640e+02 2.640237556481259844e+02
2.286773357570247640e+02 2.640237556481259844e+02
2.287205293763373675e+02 2.641574159034433364e+02
2.287652357006191437e+02 2.642957571402486678e+02
2.288117637973201681e+02 2.644397357505957871e+02
2.288603880073890195e+02 2.645902006673088636e+02
2.288603880073890195e+02 2.645902006673088636e+02
2.289079320247300586e+02 2.647373229876363894e+02
2.289554760420710977e+02 2.648844453079639152e+02
2.290030200594121368e+02 2.650315676282914410e+02
2.290505640767531759e+02 2.651786899486189668e+02
2.290505640767531759e+02 2.651786899486189668e+02
2.290973371184652478e+02 2.653234265276946076e+02
2.291437534492188774e+02 2.654670592845267265e+02
2.291907038301138186e+02 2.656123446298516910e+02
2.292390495119028628e+02 2.657619476562766749e+02
2.292390495119028628e+02 2.657619476562766749e+02
2.292802742665714959e+02 2.658895153693346174e+02
2.293222976379048816e+02 2.660195543572939982e+02
2.293654912572174851e+02 2.661532146126113503e+02
2.294101975814992613e+02 2.662915558494166817e+02
2.294101975814992613e+02 2.662915558494166817e+02
2.294588217915681128e+02 2.664420207661297582e+02
2.295053498882691372e+02 2.665859993764768774e+02
2.295500562125509134e+02 2.667243406132822088e+02
2.295932498318635169e+02 2.668580008685995608e+02
2.295932498318635169e+02 2.668580008685995608e+02
2.296333246144528744e+02 2.669820100569454553e+02
2.296754220793577304e+02 2.671122783233454925e+02
2.297218384101113600e+02 2.672559110801776114e+02
2.297743057888073679e+02 2.674182684686979883e+02
2.297743057888073679e+02 2.674182684686979883e+02
2.298158818258847589e+02 2.675469232056541387e+02
2.298574578629621499e+02 2.676755779426102890e+02
2.298990339000395409e+02 2.678042326795664394e+02
2.299406099371169319e+02 2.679328874165225898e+02
2.299406099371169319e+02 2.679328874165225898e+02
2.299867569251861141e+02 2.680756867073810668e+02
2.300295397427015303e+02 2.682080757593593603e+02
2.300736613396903181e+02 2.683446075900413348e+02
2.301234466994530692e+02 2.684986656199737922e+02
2.301234466994530692e+02 2.684986656199737922e+02
2.301634955520606809e+02 2.686225945694317829e+02
2.302067372444202249e+02 2.687564035841221539e+02
2.302536654945664054e+02 2.689016204470745492e+02
2.303046670700928757e+02 2.690594419891203302e+02
2.303046670700928757e+02 2.690594419891203302e+02
2.303562760696774490e+02 2.692191431711681275e+02
2.304038637655002333e+02 2.693664006521308352e+02
2.304474404842808895e+02 2.695012463874687683e+02
2.304870196924086940e+02 2.696237220481753525e+02
2.304870196924086940e+02 2.696237220481753525e+02
2.305267821992060249e+02 2.697467649164315731e+02
2.305685825018202593e+02 2.698761136306322896e+02
2.306125153424484040e+02 2.700120613652426869e+02
2.306586623305175863e+02 2.701548606561011638e+02
2.306586623305175863e+02 2.701548606561011638e+02
2.306974461619952308e+02 2.702748750679514274e+02
2.307403017600863961e+02 2.704074893353779885e+02
2.307875828591868697e+02 2.705537980698167075e+02
2.308395529055335942e+02 2.707146164910118955e+02
2.308395529055335942e+02 2.707146164910118955e+02
2.308960620017888630e+02 2.708894807499795547e+02
2.309460140075732966e+02 2.710440544567680945e+02
2.309901356045620844e+02 2.711805862874500690e+02
2.310294778881313107e+02 2.713023287982726401e+02
2.310294778881313107e+02 2.713023287982726401e+02
2.310726715074439142e+02 2.714359890535899922e+02
2.311134910949862160e+02 2.715623029994847570e+02
2.311555144663196018e+02 2.716923419874441379e+02
2.312020425630206262e+02 2.718363205977912571e+02
2.312020425630206262e+02 2.718363205977912571e+02
2.312481895510898084e+02 2.719791198886497341e+02
2.312921223917179532e+02 2.721150676232601313e+02
2.313339226943321876e+02 2.722444163374608479e+02
2.313736852011295184e+02 2.723674592057170685e+02
2.313736852011295184e+02 2.723674592057170685e+02
2.314149854821295662e+02 2.724952606308116856e+02
2.314570829470344222e+02 2.726255288972117228e+02
2.315009211047063218e+02 2.727611836406741759e+02
2.315473374354599514e+02 2.729048163975062948e+02
2.315473374354599514e+02 2.729048163975062948e+02
2.315977860765461003e+02 2.730609269146450515e+02
2.316465596045669884e+02 2.732118538874652813e+02
2.316937747453478380e+02 2.733579585175482976e+02
2.317395601451767106e+02 2.734996388936854146e+02
2.317395601451767106e+02 2.734996388936854146e+02
2.317845906003416303e+02 2.736389831355012916e+02
2.318296210555065500e+02 2.737783273773171686e+02
2.318746515106714696e+02 2.739176716191330456e+02
2.319196819658363893e+02 2.740570158609489226e+02
2.319196819658363893e+02 2.740570158609489226e+02
2.319600666096054908e+02 2.741819838975011407e+02
2.320028494271209070e+02 2.743143729494794343e+02
2.320480870257744641e+02 2.744543581853129695e+02
2.320958272815813359e+02 2.746020877546708903e+02
2.320958272815813359e+02 2.746020877546708903e+02
2.321418164246160813e+02 2.747443986028395670e+02
2.321867082531149435e+02 2.748833138721388423e+02
2.322337691316465964e+02 2.750289411462617863e+02
2.322858589708061459e+02 2.751901302596610890e+02
2.322858589708061459e+02 2.751901302596610890e+02
2.323335992266130177e+02 2.753378598290190098e+02
2.323788368252665748e+02 2.754778450648525450e+02
2.324216196427819909e+02 2.756102341168308385e+02
2.324620042865511209e+02 2.757352021533830566e+02
2.324620042865511209e+02 2.757352021533830566e+02
2.325079708360482584e+02 2.758774430871047798e+02
2.325520924330370462e+02 2.760139749177867543e+02
2.325944849772422458e+02 2.761451562906884192e+02
2.326352791082260580e+02 2.762713914626772294e+02
2.326352791082260580e+02 2.762713914626772294e+02
2.326808598541382196e+02 2.764124385486387609e+02
2.327285783455237151e+02 2.765601007692038706e+02
2.327796613282456804e+02 2.767181742212935092e+02
2.328351126989131785e+02 2.768897654071923853e+02
2.328351126989131785e+02 2.768897654071923853e+02
2.328759322864554804e+02 2.770160793530871501e+02
2.329167518739977822e+02 2.771423932989819150e+02
2.329579766286664153e+02 2.772699610120398575e+02
2.329999999999998010e+02 2.773999999999992383e+02
