2.030000000000000000e+02 1.830000000000000000e+02
2.030479634455919324e+02 1.832106965645645005e+02
2.030719451683878845e+02 1.833160448468467507e+02
2.031255699307772034e+02 1.835516107673427086e+02
2.031594852084043339e+02 1.837005957369189844e+02
2.031862975895990076e+02 1.838183786971669633e+02
2.032399223519883265e+02 1.840539446176629212e+02
2.032667347331830001e+02 1.841717275779109002e+02
2.033146981787749326e+02 1.843824241424754007e+02
2.033683229411642515e+02 1.846179900629713586e+02
2.033923046639602035e+02 1.847233383452536088e+02
2.034402681095521359e+02 1.849340349098181093e+02
2.034642498323480879e+02 1.850393831921003596e+02
2.035122132779400204e+02 1.852500797566648600e+02
2.035601767235319528e+02 1.854607763212293605e+02
2.035841584463279048e+02 1.855661246035116108e+02
2.036321218919198373e+02 1.857768211680761112e+02
2.036561036147157893e+02 1.858821694503583615e+02
2.037040670603077217e+02 1.860928660149228620e+02
2.037576918226970406e+02 1.863284319354188199e+02
2.037845042038917143e+02 1.864462148956667988e+02
2.038381289662810332e+02 1.866817808161627568e+02
2.038649413474757068e+02 1.867995637764107357e+02
2.039185661098650257e+02 1.870351296969066937e+02
2.039524813874921563e+02 1.871841146664829694e+02
2.039694390263057073e+02 1.872586071512710930e+02
2.040033543039328379e+02 1.874075921208473687e+02
2.040203119427463889e+02 1.874820846056354924e+02
2.040542272203735195e+02 1.876310695752117681e+02
2.041021906659654519e+02 1.878417661397762686e+02
2.041263590197690974e+02 1.879479342654137781e+02
2.041909317845767191e+02 1.882315931965329980e+02
2.042317051214964465e+02 1.884107046408589952e+02
2.042656203991235770e+02 1.885596896104352709e+02
2.042995356767507076e+02 1.887086745800115466e+02
2.043237040305543530e+02 1.888148427056490561e+02
2.043731436186403698e+02 1.890320237533126146e+02
2.044014240086867744e+02 1.891562554667307836e+02
2.044550487710760933e+02 1.893918213872267415e+02
2.045030122166680258e+02 1.896025179517912420e+02
2.045466596109902468e+02 1.897942547197066574e+02
2.046002843733795657e+02 1.900298206402026153e+02
2.046136905639768884e+02 1.900887121203265906e+02
2.046616540095688208e+02 1.902994086848910911e+02
2.047096174551607533e+02 1.905101052494555915e+02
2.047335991779567053e+02 1.906154535317378418e+02
2.047815626235486377e+02 1.908261500963023423e+02
2.048055443463445897e+02 1.909314983785845925e+02
2.048535077919365222e+02 1.911421949431490930e+02
2.049014712375284546e+02 1.913528915077135935e+02
2.049254529603244066e+02 1.914582397899958437e+02
2.049734164059163390e+02 1.916689363545603442e+02
2.049973981287122911e+02 1.917742846368425944e+02
2.050453615743042235e+02 1.919849812014070949e+02
2.050989863366935424e+02 1.922205471219030528e+02
2.051272667267399470e+02 1.923447788353212218e+02
2.051767063148259638e+02 1.925619598829847803e+02
2.052008746686296092e+02 1.926681280086222898e+02
2.052488381142215417e+02 1.928788245731867903e+02
2.052827533918486722e+02 1.930278095427630660e+02
2.053002329258460179e+02 1.931045946385371224e+02
2.053381513589710323e+02 1.932711648983362522e+02
2.053652968259952161e+02 1.933904110570496186e+02
2.053992121036223466e+02 1.935393960266258944e+02
2.054471755492142790e+02 1.937500925911903948e+02
2.054713439030179245e+02 1.938562607168279044e+02
2.055207834911039413e+02 1.940734417644914629e+02
2.055490638811503459e+02 1.941976734779096319e+02
2.055829791587774764e+02 1.943466584474859076e+02
2.056366039211667953e+02 1.945822243679818655e+02
2.056535615599803464e+02 1.946567168527699891e+02
2.056874768376074769e+02 1.948057018223462649e+02
2.057044344764210280e+02 1.948801943071343885e+02
2.057523979220129604e+02 1.950908908716988890e+02
2.058003613676048928e+02 1.953015874362633895e+02
2.058173190064184439e+02 1.953760799210515131e+02
2.058512342840455744e+02 1.955250648906277888e+02
2.058681919228591255e+02 1.955995573754159125e+02
2.059021072004862560e+02 1.957485423449921882e+02
2.059360224781133866e+02 1.958975273145684639e+02
2.059655465503208234e+02 1.960272223460511327e+02
2.060087802159282262e+02 1.962171416628264922e+02
2.060237687926756962e+02 1.962829843392528915e+02
2.060576840703028267e+02 1.964319693088291672e+02
2.060915993479299573e+02 1.965809542784054429e+02
2.061155810707259093e+02 1.966863025606876931e+02
2.061635445163178417e+02 1.968969991252521936e+02
2.061875262391137937e+02 1.970023474075344438e+02
2.062214415167409243e+02 1.971513323771107196e+02
2.062750662791302432e+02 1.973868982976066775e+02
2.062990480019261952e+02 1.974922465798889277e+02
2.063470114475181276e+02 1.977029431444534282e+02
2.063709931703140796e+02 1.978082914267356784e+02
2.064049084479412102e+02 1.979572763963119542e+02
2.064528718935331426e+02 1.981679729608764546e+02
2.064800173605573264e+02 1.982872191195898210e+02
2.065179357936823408e+02 1.984537893793889509e+02
2.065354153276796865e+02 1.985305744751630073e+02
2.065693306053068170e+02 1.986795594447392830e+02
2.066172940508987494e+02 1.988902560093037835e+02
2.066412757736947015e+02 1.989956042915860337e+02
2.066892392192866339e+02 1.992063008561505342e+02
2.067132209420825859e+02 1.993116491384327844e+02
2.067611843876745183e+02 1.995223457029972849e+02
2.068091478332664508e+02 1.997330422675617854e+02
2.068331295560624028e+02 1.998383905498440356e+02
2.068810930016543352e+02 2.000490871144085361e+02
2.069050747244502872e+02 2.001544353966907863e+02
2.069530381700422197e+02 2.003651319612552868e+02
2.070010016156341521e+02 2.005758285258197873e+02
2.070249833384301041e+02 2.006811768081020375e+02
2.070729467840220366e+02 2.008918733726665380e+02
2.070969285068179886e+02 2.009972216549487882e+02
2.071448919524099210e+02 2.012079182195132887e+02
2.071928553980018535e+02 2.014186147840777892e+02
2.072168371207978055e+02 2.015239630663600394e+02
2.072648005663897379e+02 2.017346596309245399e+02
2.072887822891856899e+02 2.018400079132067901e+02
2.073424070515750088e+02 2.020755738337027481e+02
2.073903704971669413e+02 2.022862703982672485e+02
2.074078500311642870e+02 2.023630554940413049e+02
2.074457684642893014e+02 2.025296257538404348e+02
2.074729139313134851e+02 2.026488719125538012e+02
2.075265386937028040e+02 2.028844378330497591e+02
2.075604539713299346e+02 2.030334228026260348e+02
2.075846223251335800e+02 2.031395909282635444e+02
2.076340619132195968e+02 2.033567719759271029e+02
2.076623423032660014e+02 2.034810036893452718e+02
2.077159670656553203e+02 2.037165696098412297e+02
2.077695918280446392e+02 2.039521355303371877e+02
2.077991159002520760e+02 2.040818305618198565e+02
2.078423495658594788e+02 2.042717498785952159e+02
2.078573381426069488e+02 2.043375925550216152e+02
2.079109629049962678e+02 2.045731584755175732e+02
2.079448781826233983e+02 2.047221434450938489e+02
2.079856515195431257e+02 2.049012548894198460e+02
2.080502242843507474e+02 2.051849138205390659e+02
2.080743926381543929e+02 2.052910819461765755e+02
2.081280174005437118e+02 2.055266478666725334e+02
2.081619326781708423e+02 2.056756328362488091e+02
2.081769212549183123e+02 2.057414755126752084e+02
2.082201549205257152e+02 2.059313948294505678e+02
2.082496789927331520e+02 2.060610898609332367e+02
2.083033037551224709e+02 2.062966557814291946e+02
2.083372190327496014e+02 2.064456407510054703e+02
2.083643644997737852e+02 2.065648869097188367e+02
2.084022829328987996e+02 2.067314571695179666e+02
2.084197624668961453e+02 2.068082422652920229e+02
2.084536777445232758e+02 2.069572272348682986e+02
2.085016411901152082e+02 2.071679237994327991e+02
2.085452885844374293e+02 2.073596605673482145e+02
2.085989133468267482e+02 2.075952264878441724e+02
2.086123195374240709e+02 2.076541179679681477e+02
2.086602829830160033e+02 2.078648145325326482e+02
2.086941982606431338e+02 2.080137995021089239e+02
2.087237223328505706e+02 2.081434945335915927e+02
2.087669559984579735e+02 2.083334138503669521e+02
2.087819445752054435e+02 2.083992565267933514e+02
2.088158598528325740e+02 2.085482414963696272e+02
2.088694846152218929e+02 2.087838074168655851e+02
2.088977650052682975e+02 2.089080391302837540e+02
2.089472045933543143e+02 2.091252201779473125e+02
2.089713729471579597e+02 2.092313883035848221e+02
2.090052882247850903e+02 2.093803732731610978e+02
2.090392035024122208e+02 2.095293582427373735e+02
2.090541920791596908e+02 2.095952009191637728e+02
2.090974257447670936e+02 2.097851202359391323e+02
2.091269498169745304e+02 2.099148152674218011e+02
2.091805745793638494e+02 2.101503811879177590e+02
2.092285380249557818e+02 2.103610777524822595e+02
2.092721854192780029e+02 2.105528145203976749e+02
2.093258101816673218e+02 2.107883804408936328e+02
2.093392163722646444e+02 2.108472719210176081e+02
2.093731316498917749e+02 2.109962568905938838e+02
2.094210950954837074e+02 2.112069534551583843e+02
2.094450768182796594e+02 2.113123017374406345e+02
2.094930402638715918e+02 2.115229983020051350e+02
2.095170219866675438e+02 2.116283465842873852e+02
2.095649854322594763e+02 2.118390431488518857e+02
2.096129488778514087e+02 2.120497397134163862e+02
2.096369306006473607e+02 2.121550879956986364e+02
2.096848940462392932e+02 2.123657845602631369e+02
2.097088757690352452e+02 2.124711328425453871e+02
2.097568392146271776e+02 2.126818294071098876e+02
2.098048026602191101e+02 2.128925259716743881e+02
2.098287843830150621e+02 2.129978742539566383e+02
2.098767478286069945e+02 2.132085708185211388e+02
2.099007295514029465e+02 2.133139191008033890e+02
2.099486929969948790e+02 2.135246156653678895e+02
2.099966564425868114e+02 2.137353122299323900e+02
2.100206381653827634e+02 2.138406605122146402e+02
2.100686016109746959e+02 2.140513570767791407e+02
2.100925833337706479e+02 2.141567053590613909e+02
2.101462080961599668e+02 2.143922712795573489e+02
2.101998328585492857e+02 2.146278372000533068e+02
2.102293569307567225e+02 2.147575322315359756e+02
2.102725905963641253e+02 2.149474515483113350e+02
2.102875791731115953e+02 2.150132942247377343e+02
2.103214944507387258e+02 2.151622791943140101e+02
2.103751192131280447e+02 2.153978451148099680e+02
2.104035580379718056e+02 2.155227728096593296e+02
2.104544309544124872e+02 2.157462502640237290e+02
2.104828697792562480e+02 2.158711779588730906e+02
2.105167850568833785e+02 2.160201629284493663e+02
2.105507003345105090e+02 2.161691478980256420e+02
2.105676579733240601e+02 2.162436403828137657e+02
2.106015732509511906e+02 2.163926253523900414e+02
2.106185308897647417e+02 2.164671178371781650e+02
2.106524461673918722e+02 2.166161028067544407e+02
2.107060709297811911e+02 2.168516687272503987e+02
2.107210595065286611e+02 2.169175114036767980e+02
2.107642931721360640e+02 2.171074307204521574e+02
2.107938172443435008e+02 2.172371257519348262e+02
2.108277325219706313e+02 2.173861107215111019e+02
2.108616477995977618e+02 2.175350956910873776e+02
2.108791273335951075e+02 2.176118807868614340e+02
2.109170457667201219e+02 2.177784510466605639e+02
2.109441912337443057e+02 2.178976972053739303e+02
2.109781065113714362e+02 2.180466821749502060e+02
2.110317312737607551e+02 2.182822480954461639e+02
2.110486889125743062e+02 2.183567405802342876e+02
2.110826041902014367e+02 2.185057255498105633e+02
2.110995618290149878e+02 2.185802180345986869e+02
2.111531865914043067e+02 2.188157839550946449e+02
2.112290234576543071e+02 2.191489244746929046e+02
2.112573038477007117e+02 2.192731561881110736e+02
2.113067434357867285e+02 2.194903372357746321e+02
2.113309117895903739e+02 2.195965053614121416e+02
2.114067486558403743e+02 2.199296458810104014e+02
2.114406639334675049e+02 2.200786308505866771e+02
2.114581434674648506e+02 2.201554159463607334e+02
2.114960619005898650e+02 2.203219862061598633e+02
2.115232073676140487e+02 2.204412323648732297e+02
2.115571226452411793e+02 2.205902173344495054e+02
2.116050860908331117e+02 2.208009138990140059e+02
2.116333664808795163e+02 2.209251456124321749e+02
2.116828060689655331e+02 2.211423266600957334e+02
2.117069744227691785e+02 2.212484947857332429e+02
2.117605991851584974e+02 2.214840607062292008e+02
2.117945144627856280e+02 2.216330456758054765e+02
2.118119939967829737e+02 2.217098307715795329e+02
2.118499124299079881e+02 2.218764010313786628e+02
2.118770578969321718e+02 2.219956471900920292e+02
2.119109731745593024e+02 2.221446321596683049e+02
2.119589366201512348e+02 2.223553287242328054e+02
2.119831049739548803e+02 2.224614968498703149e+02
2.120325445620408971e+02 2.226786778975338734e+02
2.120608249520873017e+02 2.228029096109520424e+02
2.121087883976792341e+02 2.230136061755165429e+02
2.121427036753063646e+02 2.231625911450928186e+02
2.121596613141199157e+02 2.232370836298809422e+02
2.121935765917470462e+02 2.233860685994572179e+02
2.122105342305605973e+02 2.234605610842453416e+02
2.122584976761525297e+02 2.236712576488098421e+02
2.123064611217444622e+02 2.238819542133743425e+02
2.123306294755481076e+02 2.239881223390118521e+02
2.123800690636341244e+02 2.242053033866754106e+02
2.124083494536805290e+02 2.243295351000935796e+02
2.124563128992724614e+02 2.245402316646580800e+02
2.124902281768995920e+02 2.246892166342343558e+02
2.125142098996955440e+02 2.247945649165166060e+02
2.125621733452874764e+02 2.250052614810811065e+02
2.125861550680834284e+02 2.251106097633633567e+02
2.126341185136753609e+02 2.253213063279278572e+02
2.126820819592672933e+02 2.255320028924923577e+02
2.127060636820632453e+02 2.256373511747746079e+02
2.127540271276551778e+02 2.258480477393391084e+02
2.127780088504511298e+02 2.259533960216213586e+02
2.128259722960430622e+02 2.261640925861858591e+02
2.128739357416349947e+02 2.263747891507503596e+02
2.128979174644309467e+02 2.264801374330326098e+02
2.129458809100228791e+02 2.266908339975971103e+02
2.129698626328188311e+02 2.267961822798793605e+02
2.130178260784107636e+02 2.270068788444438610e+02
2.130657895240026960e+02 2.272175754090083615e+02
2.130897712467986480e+02 2.273229236912906117e+02
2.131377346923905804e+02 2.275336202558551122e+02
2.131617164151865325e+02 2.276389685381373624e+02
2.132096798607784649e+02 2.278496651027018629e+02
2.132576433063703973e+02 2.280603616672663634e+02
2.132816250291663493e+02 2.281657099495486136e+02
2.133295884747582818e+02 2.283764065141131141e+02
2.133535701975542338e+02 2.284817547963953643e+02
2.134015336431461662e+02 2.286924513609598648e+02
2.134494970887380987e+02 2.289031479255243653e+02
2.134734788115340507e+02 2.290084962078066155e+02
2.135214422571259831e+02 2.292191927723711160e+02
2.135454239799219351e+02 2.293245410546533662e+02
2.135933874255138676e+02 2.295352376192178667e+02
2.136413508711058000e+02 2.297459341837823672e+02
2.136849982654280211e+02 2.299376709516977826e+02
2.137386230278173400e+02 2.301732368721937405e+02
2.137520292184146626e+02 2.302321283523177158e+02
2.137859444960417932e+02 2.303811133218939915e+02
2.138198597736689237e+02 2.305300982914702672e+02
2.138348483504163937e+02 2.305959409678966665e+02
2.138780820160237965e+02 2.307858602846720260e+02
2.139076060882312333e+02 2.309155553161546948e+02
2.139415213658583639e+02 2.310645402857309705e+02
2.139951461282476828e+02 2.313001062062269284e+02
2.140193144820513282e+02 2.314062743318644380e+02
2.140687540701373450e+02 2.316234553795279965e+02
2.140970344601837496e+02 2.317476870929461654e+02
2.141449979057756821e+02 2.319583836575106659e+02
2.141929613513676145e+02 2.321690802220751664e+02
2.142212417414140191e+02 2.322933119354933353e+02
2.142706813295000359e+02 2.325104929831568938e+02
2.142948496833036813e+02 2.326166611087944034e+02
2.143484744456930002e+02 2.328522270292903613e+02
2.143823897233201308e+02 2.330012119988666370e+02
2.143993473621336818e+02 2.330757044836547607e+02
2.144332626397608124e+02 2.332246894532310364e+02
2.144502202785743634e+02 2.332991819380191600e+02
2.145038450409636823e+02 2.335347478585151180e+02
2.145574698033530012e+02 2.337703137790110759e+02
2.145744274421665523e+02 2.338448062637991995e+02
2.146083427197936828e+02 2.339937912333754753e+02
2.146253003586072339e+02 2.340682837181635989e+02
2.146592156362343644e+02 2.342172686877398746e+02
2.146931309138614949e+02 2.343662536573161503e+02
2.147100885526750460e+02 2.344407461421042740e+02
2.147440038303021765e+02 2.345897311116805497e+02
2.147609614691157276e+02 2.346642235964686733e+02
2.147948767467428581e+02 2.348132085660449491e+02
2.148287920243699887e+02 2.349621935356212248e+02
2.148457496631835397e+02 2.350366860204093484e+02
2.148796649408106703e+02 2.351856709899856241e+02
2.148966225796242213e+02 2.352601634747737478e+02
2.149305378572513519e+02 2.354091484443500235e+02
2.149644531348784824e+02 2.355581334139262992e+02
2.149886214886821278e+02 2.356643015395638088e+02
2.150380610767681446e+02 2.358814825872273673e+02
2.150663414668145492e+02 2.360057143006455362e+02
2.151002567444416798e+02 2.361546992702218120e+02
2.151341720220688103e+02 2.363036842397980877e+02
2.151636960942762471e+02 2.364333792712807565e+02
2.152069297598836499e+02 2.366232985880561159e+02
2.152219183366311199e+02 2.366891412644825152e+02
2.152698817822230524e+02 2.368998378290470157e+02
2.153037970598501829e+02 2.370488227986232914e+02
2.153333211320576197e+02 2.371785178301059602e+02
2.153765547976650225e+02 2.373684371468813197e+02
2.153915433744124925e+02 2.374342798233077190e+02
2.154254586520396231e+02 2.375832647928839947e+02
2.154593739296667536e+02 2.377322497624602704e+02
2.154833556524627056e+02 2.378375980447425206e+02
2.155313190980546381e+02 2.380482946093070211e+02
2.155553008208505901e+02 2.381536428915892714e+02
2.156089255832399090e+02 2.383892088120852293e+02
2.156847624494899094e+02 2.387223493316834890e+02
2.157022419834872551e+02 2.387991344274575454e+02
2.157401604166122695e+02 2.389657046872566752e+02
2.157673058836364532e+02 2.390849508459700417e+02
2.158209306460257721e+02 2.393205167664659996e+02
2.158745554084150911e+02 2.395560826869619575e+02
2.158987237622187365e+02 2.396622508125994671e+02
2.159481633503047533e+02 2.398794318602630256e+02
2.159764437403511579e+02 2.400036635736811945e+02
2.160244071859430903e+02 2.402143601382456950e+02
2.160723706315350228e+02 2.404250567028101955e+02
2.160963523543309748e+02 2.405304049850924457e+02
2.161443157999229072e+02 2.407411015496569462e+02
2.161682975227188592e+02 2.408464498319391964e+02
2.162219222851081781e+02 2.410820157524351544e+02
2.162558375627353087e+02 2.412310007220114301e+02
2.162800059165389541e+02 2.413371688476489396e+02
2.163294455046249709e+02 2.415543498953124981e+02
2.163577258946713755e+02 2.416785816087306671e+02
2.164056893402633079e+02 2.418892781732951676e+02
2.164815262065133084e+02 2.422224186928934273e+02
2.165098065965597129e+02 2.423466504063115963e+02
2.165592461846457297e+02 2.425638314539751548e+02
2.165834145384493752e+02 2.426699995796126643e+02
2.166313779840413076e+02 2.428806961441771648e+02
2.166793414296332401e+02 2.430913927087416653e+02
2.167033231524291921e+02 2.431967409910239155e+02
2.167512865980211245e+02 2.434074375555884160e+02
2.167752683208170765e+02 2.435127858378706662e+02
2.168232317664090090e+02 2.437234824024351667e+02
2.168711952120009414e+02 2.439341789669996672e+02
2.168951769347968934e+02 2.440395272492819174e+02
2.169431403803888259e+02 2.442502238138464179e+02
2.169671221031847779e+02 2.443555720961286681e+02
2.170150855487767103e+02 2.445662686606931686e+02
2.170630489943686428e+02 2.447769652252576691e+02
2.170870307171645948e+02 2.448823135075399193e+02
2.171349941627565272e+02 2.450930100721044198e+02
2.171589758855524792e+02 2.451983583543866700e+02
2.172069393311444117e+02 2.454090549189511705e+02
2.172549027767363441e+02 2.456197514835156710e+02
2.172788844995322961e+02 2.457250997657979212e+02
2.173268479451242285e+02 2.459357963303624217e+02
2.173508296679201806e+02 2.460411446126446720e+02
2.173987931135121130e+02 2.462518411772091724e+02
2.174467565591040454e+02 2.464625377417736729e+02
2.174707382818999974e+02 2.465678860240559231e+02
2.175187017274919299e+02 2.467785825886204236e+02
2.175426834502878819e+02 2.468839308709026739e+02
2.175765987279150124e+02 2.470329158404789496e+02
2.176105140055421430e+02 2.471819008100552253e+02
2.176400380777495798e+02 2.473115958415378941e+02
2.176832717433569826e+02 2.475015151583132536e+02
2.176982603201044526e+02 2.475673578347396528e+02
2.177321755977315831e+02 2.477163428043159286e+02
2.177801390433235156e+02 2.479270393688804290e+02
2.178096631155309524e+02 2.480567344003630978e+02
2.178528967811383552e+02 2.482466537171384573e+02
2.178678853578858252e+02 2.483124963935648566e+02
2.179018006355129558e+02 2.484614813631411323e+02
2.179554253979022747e+02 2.486970472836370902e+02
2.179723830367158257e+02 2.487715397684252139e+02
2.180062983143429562e+02 2.489205247380014896e+02
2.180232559531565073e+02 2.489950172227896132e+02
2.180571712307836378e+02 2.491440021923658890e+02
2.180910865084107684e+02 2.492929871619421647e+02
2.181080441472243194e+02 2.493674796467302883e+02
2.181419594248514500e+02 2.495164646163065640e+02
2.181589170636650010e+02 2.495909571010946877e+02
2.181928323412921316e+02 2.497399420706709634e+02
2.182267476189192621e+02 2.498889270402472391e+02
2.182535600001139358e+02 2.500067100004952181e+02
2.183071847625032547e+02 2.502422759209911760e+02
2.183339971436979283e+02 2.503600588812391550e+02
2.183876219060872472e+02 2.505956248017351129e+02
2.184215371837143778e+02 2.507446097713113886e+02
2.184510612559218146e+02 2.508743048027940574e+02
2.184942949215292174e+02 2.510642241195694169e+02
2.185092834982766874e+02 2.511300667959958162e+02
2.185431987759038179e+02 2.512790517655720919e+02
2.185771140535309485e+02 2.514280367351483676e+02
2.185940716923444995e+02 2.515025292199364912e+02
2.186279869699716301e+02 2.516515141895127670e+02
2.186449446087851811e+02 2.517260066743008906e+02
2.186788598864123117e+02 2.518749916438771663e+02
2.187127751640394422e+02 2.520239766134534420e+02
2.187297328028529932e+02 2.520984690982415657e+02
2.187636480804801238e+02 2.522474540678178414e+02
2.187806057192936748e+02 2.523219465526059651e+02
2.188145209969208054e+02 2.524709315221822408e+02
2.188484362745479359e+02 2.526199164917585165e+02
2.188755817415721197e+02 2.527391626504718829e+02
2.189135001746971341e+02 2.529057329102710128e+02
2.189309797086944798e+02 2.529825180060450691e+02
2.189648949863216103e+02 2.531315029756213448e+02
2.189988102639487408e+02 2.532804879451976205e+02
2.190137988406962108e+02 2.533463306216240198e+02
2.190570325063036137e+02 2.535362499383993793e+02
2.190865565785110505e+02 2.536659449698820481e+02
2.191204718561381810e+02 2.538149299394583238e+02
2.191543871337653115e+02 2.539639149090345995e+02
2.191713447725788626e+02 2.540384073938227232e+02
2.192052600502059931e+02 2.541873923633989989e+02
2.192222176890195442e+02 2.542618848481871225e+02
2.192561329666466747e+02 2.544108698177633983e+02
2.192900482442738053e+02 2.545598547873396740e+02
2.193195723164812421e+02 2.546895498188223428e+02
2.193628059820886449e+02 2.548794691355977022e+02
2.193777945588361149e+02 2.549453118120241015e+02
2.194314193212254338e+02 2.551808777325200595e+02
2.194793827668173662e+02 2.553915742970845599e+02
2.195033644896133183e+02 2.554969225793668102e+02
2.195513279352052507e+02 2.557076191439313106e+02
2.195753096580012027e+02 2.558129674262135609e+02
2.196232731035931351e+02 2.560236639907780614e+02
2.196768978659824541e+02 2.562592299112740193e+02
2.197051782560288586e+02 2.563834616246921883e+02
2.197546178441148754e+02 2.566006426723557183e+02
2.197787861979185209e+02 2.567068107979932279e+02
2.198267496435104533e+02 2.569175073625577284e+02
2.198747130891023858e+02 2.571282039271222288e+02
2.199018585561265695e+02 2.572474500858356237e+02
2.199397769892515839e+02 2.574140203456347535e+02
2.199572565232489296e+02 2.574908054414087815e+02
2.199911718008760602e+02 2.576397904109850288e+02
2.200391352464679926e+02 2.578504869755495292e+02
2.200631169692639446e+02 2.579558352578317795e+02
2.201110804148558771e+02 2.581665318223962799e+02
2.201350621376518291e+02 2.582718801046785302e+02
2.201689774152789596e+02 2.584208650742547775e+02
2.202169408608708920e+02 2.586315616388192780e+02
2.202411092146745375e+02 2.587377297644567875e+02
2.202905488027605543e+02 2.589549108121203176e+02
2.203188291928069589e+02 2.590791425255384866e+02
2.203667926383988913e+02 2.592898390901029870e+02
2.204147560839908238e+02 2.595005356546674875e+02
2.204387378067867758e+02 2.596058839369497377e+02
2.204867012523787082e+02 2.598165805015142382e+02
2.205106829751746602e+02 2.599219287837964885e+02
2.205586464207665927e+02 2.601326253483609889e+02
2.206066098663585251e+02 2.603433219129254894e+02
2.206305915891544771e+02 2.604486701952077397e+02
2.206785550347464095e+02 2.606593667597722401e+02
2.207025367575423616e+02 2.607647150420544904e+02
2.207505002031342940e+02 2.609754116066189908e+02
2.207984636487262264e+02 2.611861081711834913e+02
2.208224453715221784e+02 2.612914564534657416e+02
2.208704088171141109e+02 2.615021530180302420e+02
2.208943905399100629e+02 2.616075013003124923e+02
2.209423539855019953e+02 2.618181978648769928e+02
2.209903174310939278e+02 2.620288944294414932e+02
2.210142991538898798e+02 2.621342427117237435e+02
2.210622625994818122e+02 2.623449392762882439e+02
2.210862443222777642e+02 2.624502875585704942e+02
2.211342077678696967e+02 2.626609841231349947e+02
2.211681230454968272e+02 2.628099690927112420e+02
2.211921047682927792e+02 2.629153173749934922e+02
2.212400682138847117e+02 2.631260139395579927e+02
2.212640499366806637e+02 2.632313622218402429e+02
2.213120133822725961e+02 2.634420587864047434e+02
2.213599768278645286e+02 2.636527553509692439e+02
2.213839585506604806e+02 2.637581036332514941e+02
2.214319219962524130e+02 2.639688001978159946e+02
2.214559037190483650e+02 2.640741484800982448e+02
2.215038671646402975e+02 2.642848450446627453e+02
2.215518306102322299e+02 2.644955416092272458e+02
2.215758123330281819e+02 2.646008898915094960e+02
2.216237757786201144e+02 2.648115864560739965e+02
2.216477575014160664e+02 2.649169347383562467e+02
2.216957209470079988e+02 2.651276313029207472e+02
2.217436843925999312e+02 2.653383278674852477e+02
2.217676661153958833e+02 2.654436761497674979e+02
2.218156295609878157e+02 2.656543727143319984e+02
2.218396112837837677e+02 2.657597209966142486e+02
2.218875747293757001e+02 2.659704175611787491e+02
2.219355381749676326e+02 2.661811141257432496e+02
2.219595198977635846e+02 2.662864624080254998e+02
2.220074833433555170e+02 2.664971589725900003e+02
2.220314650661514690e+02 2.666025072548722505e+02
2.220794285117434015e+02 2.668132038194367510e+02
2.221273919573353339e+02 2.670239003840012515e+02
2.221513736801312859e+02 2.671292486662835017e+02
2.221993371257232184e+02 2.673399452308480022e+02
2.222233188485191704e+02 2.674452935131302524e+02
2.222712822941111028e+02 2.676559900776947529e+02
2.223192457397030353e+02 2.678666866422592534e+02
2.223628931340252564e+02 2.680584234101746688e+02
2.224165178964145753e+02 2.682939893306706267e+02
2.224299240870118979e+02 2.683528808107946020e+02
2.224778875326038303e+02 2.685635773753591025e+02
2.225315122949931492e+02 2.687991432958550604e+02
2.225556806487967947e+02 2.689053114214925699e+02
2.226051202368828115e+02 2.691224924691561000e+02
2.226334006269292161e+02 2.692467241825742690e+02
2.226813640725211485e+02 2.694574207471387695e+02
2.227349888349104674e+02 2.696929866676347274e+02
2.227519464737240185e+02 2.697674791524228795e+02
2.227858617513511490e+02 2.699164641219991267e+02
2.228028193901647001e+02 2.699909566067872788e+02
2.228367346677918306e+02 2.701399415763635261e+02
2.228706499454189611e+02 2.702889265459397734e+02
2.228948182992226066e+02 2.703950946715772830e+02
2.229593910640302283e+02 2.706787536026964744e+02
2.230001644009499557e+02 2.708578650470224716e+02
2.230340796785770863e+02 2.710068500165987189e+02
2.230877044409664052e+02 2.712424159370946768e+02
2.231118727947700506e+02 2.713485840627321863e+02
2.231613123828560674e+02 2.715657651103957164e+02
2.231895927729024720e+02 2.716899968238138854e+02
2.232235080505296025e+02 2.718389817933901327e+02
2.232771328129189214e+02 2.720745477138860906e+02
2.232921213896663915e+02 2.721403903903125183e+02
2.233353550552737943e+02 2.723303097070878493e+02
2.233648791274812311e+02 2.724600047385704897e+02
2.234185038898705500e+02 2.726955706590664477e+02
2.234664673354624824e+02 2.729062672236309481e+02
2.234798735260598050e+02 2.729651587037549234e+02
2.235334982884491239e+02 2.732007246242508813e+02
2.235771456827713450e+02 2.733924613921662967e+02
2.236110609603984756e+02 2.735414463617425440e+02
2.236449762380256061e+02 2.736904313313187913e+02
2.236619338768391572e+02 2.737649238161069434e+02
2.236958491544662877e+02 2.739139087856831907e+02
2.237128067932798388e+02 2.739884012704713427e+02
2.237664315556691577e+02 2.742239671909673007e+02
2.238200563180584766e+02 2.744595331114632586e+02
2.238370139568720276e+02 2.745340255962514107e+02
2.238709292344991582e+02 2.746830105658276580e+02
2.238878868733127092e+02 2.747575030506158100e+02
2.239218021509398397e+02 2.749064880201920573e+02
2.239754269133291587e+02 2.751420539406880152e+02
2.239923845521427097e+02 2.752165464254761673e+02
2.240262998297698402e+02 2.753655313950524146e+02
2.240432574685833913e+02 2.754400238798405667e+02
2.241190943348333917e+02 2.757731643994388264e+02
2.241530096124605222e+02 2.759221493690150737e+02
2.241664158030578449e+02 2.759810408491390490e+02
2.242200405654471638e+02 2.762166067696350069e+02
2.242636879597693849e+02 2.764083435375504223e+02
2.243173127221587038e+02 2.766439094580463802e+02
2.243931495884087042e+02 2.769770499776446400e+02
2.244081381651561742e+02 2.770428926540710677e+02
2.244513718307635770e+02 2.772328119708463987e+02
2.244808959029710138e+02 2.773625070023290391e+02
2.245345206653603327e+02 2.775980729228249970e+02
2.245684359429874632e+02 2.777470578924012443e+02
2.245853935818010143e+02 2.778215503771893964e+02
2.246193088594281448e+02 2.779705353467656437e+02
2.246362664982416959e+02 2.780450278315537957e+02
2.246701817758688264e+02 2.781940128011300430e+02
2.247040970534959570e+02 2.783429977707062903e+02
2.247210546923095080e+02 2.784174902554944424e+02
2.247549699699366386e+02 2.785664752250706897e+02
2.247719276087501896e+02 2.786409677098588418e+02
2.248058428863773202e+02 2.787899526794350891e+02
2.248538063319692526e+02 2.790006492439995895e+02
2.248707639707828037e+02 2.790751417287877416e+02
2.249046792484099342e+02 2.792241266983639889e+02
2.249216368872234852e+02 2.792986191831521410e+02
2.249696003328154177e+02 2.795093157477166415e+02
2.250232250952047366e+02 2.797448816682125994e+02
2.250401827340182876e+02 2.798193741530007514e+02
2.250740980116454182e+02 2.799683591225769987e+02
2.250910556504589692e+02 2.800428516073651508e+02
2.251668925167089697e+02 2.803759921269634106e+02
2.252205172790982886e+02 2.806115580474593685e+02
2.252444990018942406e+02 2.807169063297416187e+02
2.252924624474861730e+02 2.809276028943061192e+02
2.253164441702821250e+02 2.810329511765883694e+02
2.253644076158740575e+02 2.812436477411528699e+02
2.254123710614659899e+02 2.814543443057173704e+02
2.254363527842619419e+02 2.815596925879996206e+02
2.254843162298538743e+02 2.817703891525641211e+02
2.255082979526498264e+02 2.818757374348463713e+02
2.255562613982417588e+02 2.820864339994108718e+02
2.256042248438336912e+02 2.822971305639753723e+02
2.256282065666296432e+02 2.824024788462576225e+02
2.256761700122215757e+02 2.826131754108221230e+02
2.257001517350175277e+02 2.827185236931043733e+02
2.257481151806094601e+02 2.829292202576688737e+02
2.257960786262013926e+02 2.831399168222333742e+02
2.258200603489973446e+02 2.832452651045156244e+02
2.258680237945892770e+02 2.834559616690801249e+02
2.258920055173852290e+02 2.835613099513623752e+02
2.259399689629771615e+02 2.837720065159268756e+02
2.259879324085690939e+02 2.839827030804913761e+02
2.260119141313650459e+02 2.840880513627736264e+02
2.260598775769569784e+02 2.842987479273381268e+02
2.260838592997529304e+02 2.844040962096203771e+02
2.261318227453448628e+02 2.846147927741848775e+02
2.261854475077341817e+02 2.848503586946808355e+02
2.262272008510664136e+02 2.850337751671760316e+02
2.262883424873195111e+02 2.853023616407163559e+02
2.263095395358364499e+02 2.853954772467015459e+02
2.263575029814283823e+02 2.856061738112660464e+02
2.264054664270203148e+02 2.858168703758305469e+02
2.264229459610176605e+02 2.858936554716045748e+02
2.264608643941426749e+02 2.860602257314037047e+02
2.264880098611668586e+02 2.861794718901170995e+02
2.265359733067587911e+02 2.863901684546816000e+02
2.265839367523507235e+02 2.866008650192461005e+02
2.266134608245581603e+02 2.867305600507287409e+02
2.266566944901655631e+02 2.869204793675040719e+02
2.266716830669130331e+02 2.869863220439304996e+02
2.267055983445401637e+02 2.871353070135067469e+02
2.267592231069294826e+02 2.873708729340027048e+02
2.267832048297254346e+02 2.874762212162849551e+02
2.268311682753173670e+02 2.876869177808494555e+02
2.268551499981133190e+02 2.877922660631317058e+02
2.269031134437052515e+02 2.880029626276962063e+02
2.269370287213323820e+02 2.881519475972724535e+02
2.269778020582521094e+02 2.883310590415984507e+02
2.270423748230597312e+02 2.886147179727176422e+02
2.270665431768633766e+02 2.887208860983551517e+02
2.271004584544905072e+02 2.888698710679313990e+02
2.271540832168798261e+02 2.891054369884273569e+02
2.271782515706834715e+02 2.892116051140648665e+02
2.272276911587694883e+02 2.894287861617283966e+02
2.272559715488158929e+02 2.895530178751465655e+02
2.273039349944078253e+02 2.897637144397110660e+02
2.273378502720349559e+02 2.899126994092873133e+02
2.273620186258386013e+02 2.900188675349248228e+02
2.274114582139246181e+02 2.902360485825883529e+02
2.274397386039710227e+02 2.903602802960065219e+02
2.274736538815981532e+02 2.905092652655827692e+02
2.275216173271900857e+02 2.907199618301472697e+02
2.275385749660036367e+02 2.907944543149354217e+02
2.275724902436307673e+02 2.909434392845116690e+02
2.275894478824443183e+02 2.910179317692998211e+02
2.276430726448336372e+02 2.912534976897957790e+02
2.276966974072229561e+02 2.914890636102917369e+02
2.277136550460365072e+02 2.915635560950798890e+02
2.277475703236636377e+02 2.917125410646561363e+02
2.277645279624771888e+02 2.917870335494442884e+02
2.278124914080691212e+02 2.919977301140087889e+02
2.278464066856962518e+02 2.921467150835850362e+02
2.278759307579036886e+02 2.922764101150676765e+02
2.279191644235110914e+02 2.924663294318430076e+02
2.279341530002585614e+02 2.925321721082694353e+02
2.279680682778856919e+02 2.926811570778456826e+02
2.280216930402750108e+02 2.929167229983416405e+02
2.280499734303214154e+02 2.930409547117598095e+02
2.280994130184074322e+02 2.932581357594233396e+02
2.281235813722110777e+02 2.933643038850608491e+02
2.281574966498382082e+02 2.935132888546370964e+02
2.282111214122275271e+02 2.937488547751330543e+02
2.282395602370712879e+02 2.938737824699824159e+02
2.282904331535119695e+02 2.940972599243468153e+02
2.283188719783557303e+02 2.942221876191961769e+02
2.283527872559828609e+02 2.943711725887724242e+02
2.284007507015747933e+02 2.945818691533369247e+02
2.284177083403883444e+02 2.946563616381250768e+02
2.284516236180154749e+02 2.948053466077013240e+02
2.284685812568290260e+02 2.948798390924894761e+02
2.285222060192183449e+02 2.951154050129854340e+02
2.285561212968454754e+02 2.952643899825616813e+02
2.285711098735929454e+02 2.953302326589881091e+02
2.286143435392003482e+02 2.955201519757634401e+02
2.286438676114077850e+02 2.956498470072460805e+02
2.286974923737971039e+02 2.958854129277420384e+02
2.287511171361864228e+02 2.961209788482379963e+02
2.287661057129338928e+02 2.961868215246644240e+02
2.288093393785412957e+02 2.963767408414397551e+02
2.288388634507487325e+02 2.965064358729223954e+02
2.288727787283758630e+02 2.966554208424986427e+02
2.289066940060029935e+02 2.968044058120748900e+02
2.289216825827504636e+02 2.968702484885013178e+02
2.289649162483578664e+02 2.970601678052766488e+02
2.289944403205653032e+02 2.971898628367592892e+02
2.290480650829546221e+02 2.974254287572552471e+02
2.291016898453439410e+02 2.976609946777512050e+02
2.291166784220914110e+02 2.977268373541776327e+02
2.291599120876988138e+02 2.979167566709529638e+02
2.291894361599062506e+02 2.980464517024356041e+02
2.292430609222955695e+02 2.982820176229315621e+02
2.292966856846848884e+02 2.985175835434275200e+02
2.293136433234984395e+02 2.985920760282156721e+02
2.293475586011255700e+02 2.987410609977919194e+02
2.293645162399391211e+02 2.988155534825800714e+02
2.293984315175662516e+02 2.989645384521563187e+02
2.294520562799555705e+02 2.992001043726522767e+02
2.294690139187691216e+02 2.992745968574404287e+02
2.295029291963962521e+02 2.994235818270166760e+02
2.295198868352098032e+02 2.994980743118048281e+02
2.295735115975991221e+02 2.997336402323007860e+02
2.296074268752262526e+02 2.998826252018770333e+02
2.296249064092235983e+02 2.999594102976510612e+02
2.296628248423486127e+02 3.001259805574501911e+02
2.296899703093727965e+02 3.002452267161635859e+02
2.297435950717621154e+02 3.004807926366595439e+02
2.297775103493892459e+02 3.006297776062357912e+02
2.298046558164134296e+02 3.007490237649491860e+02
2.298425742495384441e+02 3.009155940247483159e+02
2.298600537835357898e+02 3.009923791205223438e+02
2.298939690611629203e+02 3.011413640900985911e+02
2.299278843387900508e+02 3.012903490596748384e+02
2.299520526925936963e+02 3.013965171853123479e+02
2.300014922806797131e+02 3.016136982329758780e+02
2.300297726707261177e+02 3.017379299463940470e+02
2.300777361163180501e+02 3.019486265109585474e+02
2.301313608787073690e+02 3.021841924314545054e+02
2.301585063457315528e+02 3.023034385901679002e+02
2.301964247788565672e+02 3.024700088499670301e+02
2.302139043128539129e+02 3.025467939457410580e+02
2.302478195904810434e+02 3.026957789153173053e+02
2.302817348681081739e+02 3.028447638848935526e+02
2.303085472493028476e+02 3.029625468451415031e+02
2.303621720116921665e+02 3.031981127656374611e+02
2.303889843928868402e+02 3.033158957258854116e+02
2.304369478384787726e+02 3.035265922904499121e+02
2.304905726008680915e+02 3.037621582109458700e+02
2.305055611776155615e+02 3.038280008873722977e+02
2.305487948432229643e+02 3.040179202041476287e+02
2.305783189154304011e+02 3.041476152356302691e+02
2.306262823610223336e+02 3.043583118001947696e+02
2.306799071234116525e+02 3.045938777206907275e+02
2.307081875134580571e+02 3.047181094341088965e+02
2.307576271015440739e+02 3.049352904817724266e+02
2.307817954553477193e+02 3.050414586074099361e+02
2.308157107329748499e+02 3.051904435769861834e+02
2.308496260106019804e+02 3.053394285465624307e+02
2.308671055445993261e+02 3.054162136423364586e+02
2.309050239777243405e+02 3.055827839021355885e+02
2.309321694447485243e+02 3.057020300608489833e+02
2.309660847223756548e+02 3.058510150304252306e+02
2.310000000000027853e+02 3.060000000000014779e+02
