2.030000000000000000e+02 1.820000000000000000e+02
2.030000000000000000e+02 1.830000000000000000e+02
2.030000000000000000e+02 1.840000000000000000e+02
2.030000000000000000e+02 1.850000000000000000e+02
2.030000000000000000e+02 1.860000000000000000e+02
2.030000000000000000e+02 1.860000000000000000e+02
2.025000000000000000e+02 1.871250000000000000e+02
2.020000000000000000e+02 1.880000000000000000e+02
2.015000000000000000e+02 1.886250000000000000e+02
2.010000000000000000e+02 1.890000000000000000e+02
2.010000000000000000e+02 1.890000000000000000e+02
2.005000000000000000e+02 1.900000000000000000e+02
2.000000000000000000e+02 1.910000000000000000e+02
1.995000000000000000e+02 1.920000000000000000e+02
1.990000000000000000e+02 1.930000000000000000e+02
1.990000000000000000e+02 1.930000000000000000e+02
1.980000000000000000e+02 1.928750000000000000e+02
1.970000000000000000e+02 1.930000000000000000e+02
1.960000000000000000e+02 1.933750000000000000e+02
1.950000000000000000e+02 1.940000000000000000e+02
1.950000000000000000e+02 1.940000000000000000e+02
1.940000000000000000e+02 1.940000000000000000e+02
1.930000000000000000e+02 1.940000000000000000e+02
1.920000000000000000e+02 1.940000000000000000e+02
1.910000000000000000e+02 1.940000000000000000e+02
1.910000000000000000e+02 1.940000000000000000e+02
1.900000000000000000e+02 1.940000000000000000e+02
1.890000000000000000e+02 1.940000000000000000e+02
1.880000000000000000e+02 1.940000000000000000e+02
1.870000000000000000e+02 1.940000000000000000e+02
1.870000000000000000e+02 1.940000000000000000e+02
1.860000000000000000e+02 1.940000000000000000e+02
1.850000000000000000e+02 1.940000000000000000e+02
1.840000000000000000e+02 1.940000000000000000e+02
1.830000000000000000e+02 1.940000000000000000e+02
1.830000000000000000e+02 1.940000000000000000e+02
1.820000000000000000e+02 1.941250000000000000e+02
1.810000000000000000e+02 1.940000000000000000e+02
1.800000000000000000e+02 1.936250000000000000e+02
1.790000000000000000e+02 1.930000000000000000e+02
1.790000000000000000e+02 1.930000000000000000e+02
1.780000000000000000e+02 1.925000000000000000e+02
1.770000000000000000e+02 1.920000000000000000e+02
1.760000000000000000e+02 1.915000000000000000e+02
1.750000000000000000e+02 1.910000000000000000e+02
1.750000000000000000e+02 1.910000000000000000e+02
1.745000000000000000e+02 1.898750000000000000e+02
1.740000000000000000e+02 1.890000000000000000e+02
1.735000000000000000e+02 1.883750000000000000e+02
1.730000000000000000e+02 1.880000000000000000e+02
1.730000000000000000e+02 1.880000000000000000e+02
1.725000000000000000e+02 1.875000000000000000e+02
1.720000000000000000e+02 1.870000000000000000e+02
1.715000000000000000e+02 1.865000000000000000e+02
1.710000000000000000e+02 1.860000000000000000e+02
1.710000000000000000e+02 1.860000000000000000e+02
1.703750000000000000e+02 1.856250000000000000e+02
1.700000000000000000e+02 1.850000000000000000e+02
1.698750000000000000e+02 1.841250000000000000e+02
1.700000000000000000e+02 1.830000000000000000e+02
1.700000000000000000e+02 1.830000000000000000e+02
1.695000000000000000e+02 1.821250000000000000e+02
1.690000000000000000e+02 1.810000000000000000e+02
1.685000000000000000e+02 1.796250000000000000e+02
1.680000000000000000e+02 1.780000000000000000e+02
1.680000000000000000e+02 1.780000000000000000e+02
1.675000000000000000e+02 1.775000000000000000e+02
1.670000000000000000e+02 1.770000000000000000e+02
1.665000000000000000e+02 1.765000000000000000e+02
1.660000000000000000e+02 1.760000000000000000e+02
1.660000000000000000e+02 1.760000000000000000e+02
1.661250000000000000e+02 1.750000000000000000e+02
1.660000000000000000e+02 1.740000000000000000e+02
1.656250000000000000e+02 1.730000000000000000e+02
1.650000000000000000e+02 1.720000000000000000e+02
1.650000000000000000e+02 1.720000000000000000e+02
1.643750000000000000e+02 1.710000000000000000e+02
1.640000000000000000e+02 1.700000000000000000e+02
1.638750000000000000e+02 1.690000000000000000e+02
1.640000000000000000e+02 1.680000000000000000e+02
1.640000000000000000e+02 1.680000000000000000e+02
1.635000000000000000e+02 1.662500000000000000e+02
1.630000000000000000e+02 1.650000000000000000e+02
1.625000000000000000e+02 1.642500000000000000e+02
1.620000000000000000e+02 1.640000000000000000e+02
1.620000000000000000e+02 1.640000000000000000e+02
1.620000000000000000e+02 1.630000000000000000e+02
1.620000000000000000e+02 1.620000000000000000e+02
1.620000000000000000e+02 1.610000000000000000e+02
1.620000000000000000e+02 1.600000000000000000e+02
1.620000000000000000e+02 1.600000000000000000e+02
1.620000000000000000e+02 1.590000000000000000e+02
1.620000000000000000e+02 1.580000000000000000e+02
1.620000000000000000e+02 1.570000000000000000e+02
1.620000000000000000e+02 1.560000000000000000e+02
1.620000000000000000e+02 1.560000000000000000e+02
1.620000000000000000e+02 1.550000000000000000e+02
1.620000000000000000e+02 1.540000000000000000e+02
1.620000000000000000e+02 1.530000000000000000e+02
1.620000000000000000e+02 1.520000000000000000e+02
1.620000000000000000e+02 1.520000000000000000e+02
1.620000000000000000e+02 1.510000000000000000e+02
1.620000000000000000e+02 1.500000000000000000e+02
1.620000000000000000e+02 1.490000000000000000e+02
1.620000000000000000e+02 1.480000000000000000e+02
1.620000000000000000e+02 1.480000000000000000e+02
1.618750000000000000e+02 1.470000000000000000e+02
1.620000000000000000e+02 1.460000000000000000e+02
1.623750000000000000e+02 1.450000000000000000e+02
1.630000000000000000e+02 1.440000000000000000e+02
1.630000000000000000e+02 1.440000000000000000e+02
1.636250000000000000e+02 1.430000000000000000e+02
1.640000000000000000e+02 1.420000000000000000e+02
1.641250000000000000e+02 1.410000000000000000e+02
1.640000000000000000e+02 1.400000000000000000e+02
1.640000000000000000e+02 1.400000000000000000e+02
1.638750000000000000e+02 1.388750000000000000e+02
1.640000000000000000e+02 1.380000000000000000e+02
1.643750000000000000e+02 1.373750000000000000e+02
1.650000000000000000e+02 1.370000000000000000e+02
1.650000000000000000e+02 1.370000000000000000e+02
1.656250000000000000e+02 1.366250000000000000e+02
1.660000000000000000e+02 1.360000000000000000e+02
1.661250000000000000e+02 1.351250000000000000e+02
1.660000000000000000e+02 1.340000000000000000e+02
1.660000000000000000e+02 1.340000000000000000e+02
1.666250000000000000e+02 1.336250000000000000e+02
1.670000000000000000e+02 1.330000000000000000e+02
1.671250000000000000e+02 1.321250000000000000e+02
1.670000000000000000e+02 1.310000000000000000e+02
1.670000000000000000e+02 1.310000000000000000e+02
1.668750000000000000e+02 1.300000000000000000e+02
1.670000000000000000e+02 1.290000000000000000e+02
1.673750000000000000e+02 1.280000000000000000e+02
1.680000000000000000e+02 1.270000000000000000e+02
1.680000000000000000e+02 1.270000000000000000e+02
1.685000000000000000e+02 1.266250000000000000e+02
1.690000000000000000e+02 1.260000000000000000e+02
1.695000000000000000e+02 1.251250000000000000e+02
1.700000000000000000e+02 1.240000000000000000e+02
1.700000000000000000e+02 1.240000000000000000e+02
1.705000000000000000e+02 1.235000000000000000e+02
1.710000000000000000e+02 1.230000000000000000e+02
1.715000000000000000e+02 1.225000000000000000e+02
1.720000000000000000e+02 1.220000000000000000e+02
1.720000000000000000e+02 1.220000000000000000e+02
1.730000000000000000e+02 1.220000000000000000e+02
1.740000000000000000e+02 1.220000000000000000e+02
1.750000000000000000e+02 1.220000000000000000e+02
1.760000000000000000e+02 1.220000000000000000e+02
1.760000000000000000e+02 1.220000000000000000e+02
1.765000000000000000e+02 1.215000000000000000e+02
1.770000000000000000e+02 1.210000000000000000e+02
1.775000000000000000e+02 1.205000000000000000e+02
1.780000000000000000e+02 1.200000000000000000e+02
1.780000000000000000e+02 1.200000000000000000e+02
1.785000000000000000e+02 1.195000000000000000e+02
1.790000000000000000e+02 1.190000000000000000e+02
1.795000000000000000e+02 1.185000000000000000e+02
1.800000000000000000e+02 1.180000000000000000e+02
1.800000000000000000e+02 1.180000000000000000e+02
1.811250000000000000e+02 1.175000000000000000e+02
1.820000000000000000e+02 1.170000000000000000e+02
1.826250000000000000e+02 1.165000000000000000e+02
1.830000000000000000e+02 1.160000000000000000e+02
1.830000000000000000e+02 1.160000000000000000e+02
1.835000000000000000e+02 1.155000000000000000e+02
1.840000000000000000e+02 1.150000000000000000e+02
1.845000000000000000e+02 1.145000000000000000e+02
1.850000000000000000e+02 1.140000000000000000e+02
1.850000000000000000e+02 1.140000000000000000e+02
1.860000000000000000e+02 1.140000000000000000e+02
1.870000000000000000e+02 1.140000000000000000e+02
1.880000000000000000e+02 1.140000000000000000e+02
1.890000000000000000e+02 1.140000000000000000e+02
1.890000000000000000e+02 1.140000000000000000e+02
1.893750000000000000e+02 1.135000000000000000e+02
1.900000000000000000e+02 1.130000000000000000e+02
1.908750000000000000e+02 1.125000000000000000e+02
1.920000000000000000e+02 1.120000000000000000e+02
1.920000000000000000e+02 1.120000000000000000e+02
1.930000000000000000e+02 1.120000000000000000e+02
1.940000000000000000e+02 1.120000000000000000e+02
1.950000000000000000e+02 1.120000000000000000e+02
1.960000000000000000e+02 1.120000000000000000e+02
1.960000000000000000e+02 1.120000000000000000e+02
1.963750000000000000e+02 1.113750000000000000e+02
1.970000000000000000e+02 1.110000000000000000e+02
1.978750000000000000e+02 1.108750000000000000e+02
1.990000000000000000e+02 1.110000000000000000e+02
1.990000000000000000e+02 1.110000000000000000e+02
2.001250000000000000e+02 1.111250000000000000e+02
2.010000000000000000e+02 1.110000000000000000e+02
2.016250000000000000e+02 1.106250000000000000e+02
2.020000000000000000e+02 1.100000000000000000e+02
2.020000000000000000e+02 1.100000000000000000e+02
2.023750000000000000e+02 1.093750000000000000e+02
2.030000000000000000e+02 1.090000000000000000e+02
2.038750000000000000e+02 1.088750000000000000e+02
2.050000000000000000e+02 1.090000000000000000e+02
2.050000000000000000e+02 1.090000000000000000e+02
2.060000000000000000e+02 1.090000000000000000e+02
2.070000000000000000e+02 1.090000000000000000e+02
2.080000000000000000e+02 1.090000000000000000e+02
2.090000000000000000e+02 1.090000000000000000e+02
2.090000000000000000e+02 1.090000000000000000e+02
2.100000000000000000e+02 1.090000000000000000e+02
2.110000000000000000e+02 1.090000000000000000e+02
2.120000000000000000e+02 1.090000000000000000e+02
2.130000000000000000e+02 1.090000000000000000e+02
2.130000000000000000e+02 1.090000000000000000e+02
2.140000000000000000e+02 1.090000000000000000e+02
2.150000000000000000e+02 1.090000000000000000e+02
2.160000000000000000e+02 1.090000000000000000e+02
2.170000000000000000e+02 1.090000000000000000e+02
2.170000000000000000e+02 1.090000000000000000e+02
2.180000000000000000e+02 1.090000000000000000e+02
2.190000000000000000e+02 1.090000000000000000e+02
2.200000000000000000e+02 1.090000000000000000e+02
2.210000000000000000e+02 1.090000000000000000e+02
2.210000000000000000e+02 1.090000000000000000e+02
2.220000000000000000e+02 1.090000000000000000e+02
2.230000000000000000e+02 1.090000000000000000e+02
2.240000000000000000e+02 1.090000000000000000e+02
2.250000000000000000e+02 1.090000000000000000e+02
2.250000000000000000e+02 1.090000000000000000e+02
2.260000000000000000e+02 1.090000000000000000e+02
2.270000000000000000e+02 1.090000000000000000e+02
2.280000000000000000e+02 1.090000000000000000e+02
2.290000000000000000e+02 1.090000000000000000e+02
2.290000000000000000e+02 1.090000000000000000e+02
2.300000000000000000e+02 1.090000000000000000e+02
2.310000000000000000e+02 1.090000000000000000e+02
2.320000000000000000e+02 1.090000000000000000e+02
2.330000000000000000e+02 1.090000000000000000e+02
2.330000000000000000e+02 1.090000000000000000e+02
2.340000000000000000e+02 1.096250000000000000e+02
2.350000000000000000e+02 1.100000000000000000e+02
2.360000000000000000e+02 1.101250000000000000e+02
2.370000000000000000e+02 1.100000000000000000e+02
2.370000000000000000e+02 1.100000000000000000e+02
2.373750000000000000e+02 1.106250000000000000e+02
2.380000000000000000e+02 1.110000000000000000e+02
2.388750000000000000e+02 1.111250000000000000e+02
2.400000000000000000e+02 1.110000000000000000e+02
2.400000000000000000e+02 1.110000000000000000e+02
2.411250000000000000e+02 1.115000000000000000e+02
2.420000000000000000e+02 1.120000000000000000e+02
2.426250000000000000e+02 1.125000000000000000e+02
2.430000000000000000e+02 1.130000000000000000e+02
2.430000000000000000e+02 1.130000000000000000e+02
2.440000000000000000e+02 1.128750000000000000e+02
2.450000000000000000e+02 1.130000000000000000e+02
2.460000000000000000e+02 1.133750000000000000e+02
2.470000000000000000e+02 1.140000000000000000e+02
2.470000000000000000e+02 1.140000000000000000e+02
2.480000000000000000e+02 1.145000000000000000e+02
2.490000000000000000e+02 1.150000000000000000e+02
2.500000000000000000e+02 1.155000000000000000e+02
2.510000000000000000e+02 1.160000000000000000e+02
2.510000000000000000e+02 1.160000000000000000e+02
2.521250000000000000e+02 1.165000000000000000e+02
2.530000000000000000e+02 1.170000000000000000e+02
2.536250000000000000e+02 1.175000000000000000e+02
2.540000000000000000e+02 1.180000000000000000e+02
2.540000000000000000e+02 1.180000000000000000e+02
2.551250000000000000e+02 1.185000000000000000e+02
2.560000000000000000e+02 1.190000000000000000e+02
2.566250000000000000e+02 1.195000000000000000e+02
2.570000000000000000e+02 1.200000000000000000e+02
2.570000000000000000e+02 1.200000000000000000e+02
2.586250000000000000e+02 1.205000000000000000e+02
2.600000000000000000e+02 1.210000000000000000e+02
2.611250000000000000e+02 1.215000000000000000e+02
2.620000000000000000e+02 1.220000000000000000e+02
2.620000000000000000e+02 1.220000000000000000e+02
2.625000000000000000e+02 1.231250000000000000e+02
2.630000000000000000e+02 1.240000000000000000e+02
2.635000000000000000e+02 1.246250000000000000e+02
2.640000000000000000e+02 1.250000000000000000e+02
2.640000000000000000e+02 1.250000000000000000e+02
2.643750000000000000e+02 1.255000000000000000e+02
2.650000000000000000e+02 1.260000000000000000e+02
2.658750000000000000e+02 1.265000000000000000e+02
2.670000000000000000e+02 1.270000000000000000e+02
2.670000000000000000e+02 1.270000000000000000e+02
2.675000000000000000e+02 1.281250000000000000e+02
2.680000000000000000e+02 1.290000000000000000e+02
2.685000000000000000e+02 1.296250000000000000e+02
2.690000000000000000e+02 1.300000000000000000e+02
2.690000000000000000e+02 1.300000000000000000e+02
2.688750000000000000e+02 1.311250000000000000e+02
2.690000000000000000e+02 1.320000000000000000e+02
2.693750000000000000e+02 1.326250000000000000e+02
2.700000000000000000e+02 1.330000000000000000e+02
2.700000000000000000e+02 1.330000000000000000e+02
2.706250000000000000e+02 1.333750000000000000e+02
2.710000000000000000e+02 1.340000000000000000e+02
2.711250000000000000e+02 1.348750000000000000e+02
2.710000000000000000e+02 1.360000000000000000e+02
2.710000000000000000e+02 1.360000000000000000e+02
2.715000000000000000e+02 1.377500000000000000e+02
2.720000000000000000e+02 1.390000000000000000e+02
2.725000000000000000e+02 1.397500000000000000e+02
2.730000000000000000e+02 1.400000000000000000e+02
2.730000000000000000e+02 1.400000000000000000e+02
2.728750000000000000e+02 1.411250000000000000e+02
2.730000000000000000e+02 1.420000000000000000e+02
2.733750000000000000e+02 1.426250000000000000e+02
2.740000000000000000e+02 1.430000000000000000e+02
2.740000000000000000e+02 1.430000000000000000e+02
2.745000000000000000e+02 1.441250000000000000e+02
2.750000000000000000e+02 1.450000000000000000e+02
2.755000000000000000e+02 1.456250000000000000e+02
2.760000000000000000e+02 1.460000000000000000e+02
2.760000000000000000e+02 1.460000000000000000e+02
2.765000000000000000e+02 1.463750000000000000e+02
2.770000000000000000e+02 1.470000000000000000e+02
2.775000000000000000e+02 1.478750000000000000e+02
2.780000000000000000e+02 1.490000000000000000e+02
2.780000000000000000e+02 1.490000000000000000e+02
2.786250000000000000e+02 1.500000000000000000e+02
2.790000000000000000e+02 1.510000000000000000e+02
2.791250000000000000e+02 1.520000000000000000e+02
2.790000000000000000e+02 1.530000000000000000e+02
2.790000000000000000e+02 1.530000000000000000e+02
2.795000000000000000e+02 1.535000000000000000e+02
2.800000000000000000e+02 1.540000000000000000e+02
2.805000000000000000e+02 1.545000000000000000e+02
2.810000000000000000e+02 1.550000000000000000e+02
2.810000000000000000e+02 1.550000000000000000e+02
2.815000000000000000e+02 1.553750000000000000e+02
2.820000000000000000e+02 1.560000000000000000e+02
2.825000000000000000e+02 1.568750000000000000e+02
2.830000000000000000e+02 1.580000000000000000e+02
2.830000000000000000e+02 1.580000000000000000e+02
2.836250000000000000e+02 1.590000000000000000e+02
2.840000000000000000e+02 1.600000000000000000e+02
2.841250000000000000e+02 1.610000000000000000e+02
2.840000000000000000e+02 1.620000000000000000e+02
2.840000000000000000e+02 1.620000000000000000e+02
2.845000000000000000e+02 1.637500000000000000e+02
2.850000000000000000e+02 1.650000000000000000e+02
2.855000000000000000e+02 1.657500000000000000e+02
2.860000000000000000e+02 1.660000000000000000e+02
2.860000000000000000e+02 1.660000000000000000e+02
2.866250000000000000e+02 1.663750000000000000e+02
2.870000000000000000e+02 1.670000000000000000e+02
2.871250000000000000e+02 1.678750000000000000e+02
2.870000000000000000e+02 1.690000000000000000e+02
2.870000000000000000e+02 1.690000000000000000e+02
2.870000000000000000e+02 1.700000000000000000e+02
2.870000000000000000e+02 1.710000000000000000e+02
2.870000000000000000e+02 1.720000000000000000e+02
2.870000000000000000e+02 1.730000000000000000e+02
2.870000000000000000e+02 1.730000000000000000e+02
2.870000000000000000e+02 1.740000000000000000e+02
2.870000000000000000e+02 1.750000000000000000e+02
2.870000000000000000e+02 1.760000000000000000e+02
2.870000000000000000e+02 1.770000000000000000e+02
2.870000000000000000e+02 1.770000000000000000e+02
2.870000000000000000e+02 1.780000000000000000e+02
2.870000000000000000e+02 1.790000000000000000e+02
2.870000000000000000e+02 1.800000000000000000e+02
2.870000000000000000e+02 1.810000000000000000e+02
2.870000000000000000e+02 1.810000000000000000e+02
2.870000000000000000e+02 1.820000000000000000e+02
2.870000000000000000e+02 1.830000000000000000e+02
2.870000000000000000e+02 1.840000000000000000e+02
2.870000000000000000e+02 1.850000000000000000e+02
2.870000000000000000e+02 1.850000000000000000e+02
2.870000000000000000e+02 1.860000000000000000e+02
2.870000000000000000e+02 1.870000000000000000e+02
2.870000000000000000e+02 1.880000000000000000e+02
2.870000000000000000e+02 1.890000000000000000e+02
2.870000000000000000e+02 1.890000000000000000e+02
2.870000000000000000e+02 1.900000000000000000e+02
2.870000000000000000e+02 1.910000000000000000e+02
2.870000000000000000e+02 1.920000000000000000e+02
2.870000000000000000e+02 1.930000000000000000e+02
2.870000000000000000e+02 1.930000000000000000e+02
2.870000000000000000e+02 1.940000000000000000e+02
2.870000000000000000e+02 1.950000000000000000e+02
2.870000000000000000e+02 1.960000000000000000e+02
2.870000000000000000e+02 1.970000000000000000e+02
2.870000000000000000e+02 1.970000000000000000e+02
2.865000000000000000e+02 1.980000000000000000e+02
2.860000000000000000e+02 1.990000000000000000e+02
2.855000000000000000e+02 2.000000000000000000e+02
2.850000000000000000e+02 2.010000000000000000e+02
2.850000000000000000e+02 2.010000000000000000e+02
2.845000000000000000e+02 2.021250000000000000e+02
2.840000000000000000e+02 2.030000000000000000e+02
2.835000000000000000e+02 2.036250000000000000e+02
2.830000000000000000e+02 2.040000000000000000e+02
2.830000000000000000e+02 2.040000000000000000e+02
2.826250000000000000e+02 2.045000000000000000e+02
2.820000000000000000e+02 2.050000000000000000e+02
2.811250000000000000e+02 2.055000000000000000e+02
2.800000000000000000e+02 2.060000000000000000e+02
2.800000000000000000e+02 2.060000000000000000e+02
2.796250000000000000e+02 2.071250000000000000e+02
2.790000000000000000e+02 2.080000000000000000e+02
2.781250000000000000e+02 2.086250000000000000e+02
2.770000000000000000e+02 2.090000000000000000e+02
2.770000000000000000e+02 2.090000000000000000e+02
2.765000000000000000e+02 2.095000000000000000e+02
2.760000000000000000e+02 2.100000000000000000e+02
2.755000000000000000e+02 2.105000000000000000e+02
2.750000000000000000e+02 2.110000000000000000e+02
2.750000000000000000e+02 2.110000000000000000e+02
2.745000000000000000e+02 2.115000000000000000e+02
2.740000000000000000e+02 2.120000000000000000e+02
2.735000000000000000e+02 2.125000000000000000e+02
2.730000000000000000e+02 2.130000000000000000e+02
2.730000000000000000e+02 2.130000000000000000e+02
2.726250000000000000e+02 2.135000000000000000e+02
2.720000000000000000e+02 2.140000000000000000e+02
2.711250000000000000e+02 2.145000000000000000e+02
2.700000000000000000e+02 2.150000000000000000e+02
2.700000000000000000e+02 2.150000000000000000e+02
2.695000000000000000e+02 2.153750000000000000e+02
2.690000000000000000e+02 2.160000000000000000e+02
2.685000000000000000e+02 2.168750000000000000e+02
2.680000000000000000e+02 2.180000000000000000e+02
2.680000000000000000e+02 2.180000000000000000e+02
2.675000000000000000e+02 2.185000000000000000e+02
2.670000000000000000e+02 2.190000000000000000e+02
2.665000000000000000e+02 2.195000000000000000e+02
2.660000000000000000e+02 2.200000000000000000e+02
2.660000000000000000e+02 2.200000000000000000e+02
2.653750000000000000e+02 2.203750000000000000e+02
2.650000000000000000e+02 2.210000000000000000e+02
2.648750000000000000e+02 2.218750000000000000e+02
2.650000000000000000e+02 2.230000000000000000e+02
2.650000000000000000e+02 2.230000000000000000e+02
2.646250000000000000e+02 2.235000000000000000e+02
2.640000000000000000e+02 2.240000000000000000e+02
2.631250000000000000e+02 2.245000000000000000e+02
2.620000000000000000e+02 2.250000000000000000e+02
2.620000000000000000e+02 2.250000000000000000e+02
2.615000000000000000e+02 2.255000000000000000e+02
2.610000000000000000e+02 2.260000000000000000e+02
2.605000000000000000e+02 2.265000000000000000e+02
2.600000000000000000e+02 2.270000000000000000e+02
2.600000000000000000e+02 2.270000000000000000e+02
2.597500000000000000e+02 2.281250000000000000e+02
2.590000000000000000e+02 2.290000000000000000e+02
2.577500000000000000e+02 2.296250000000000000e+02
2.560000000000000000e+02 2.300000000000000000e+02
2.560000000000000000e+02 2.300000000000000000e+02
2.550000000000000000e+02 2.306250000000000000e+02
2.540000000000000000e+02 2.310000000000000000e+02
2.530000000000000000e+02 2.311250000000000000e+02
2.520000000000000000e+02 2.310000000000000000e+02
2.520000000000000000e+02 2.310000000000000000e+02
2.502500000000000000e+02 2.315000000000000000e+02
2.490000000000000000e+02 2.320000000000000000e+02
2.482500000000000000e+02 2.325000000000000000e+02
2.480000000000000000e+02 2.330000000000000000e+02
2.480000000000000000e+02 2.330000000000000000e+02
2.476250000000000000e+02 2.336250000000000000e+02
2.470000000000000000e+02 2.340000000000000000e+02
2.461250000000000000e+02 2.341250000000000000e+02
2.450000000000000000e+02 2.340000000000000000e+02
2.450000000000000000e+02 2.340000000000000000e+02
2.446250000000000000e+02 2.346250000000000000e+02
2.440000000000000000e+02 2.350000000000000000e+02
2.431250000000000000e+02 2.351250000000000000e+02
2.420000000000000000e+02 2.350000000000000000e+02
2.420000000000000000e+02 2.350000000000000000e+02
2.410000000000000000e+02 2.356250000000000000e+02
2.400000000000000000e+02 2.360000000000000000e+02
2.390000000000000000e+02 2.361250000000000000e+02
2.380000000000000000e+02 2.360000000000000000e+02
2.380000000000000000e+02 2.360000000000000000e+02
2.368750000000000000e+02 2.365000000000000000e+02
2.360000000000000000e+02 2.370000000000000000e+02
2.353750000000000000e+02 2.375000000000000000e+02
2.350000000000000000e+02 2.380000000000000000e+02
2.350000000000000000e+02 2.380000000000000000e+02
2.346250000000000000e+02 2.386250000000000000e+02
2.340000000000000000e+02 2.390000000000000000e+02
2.331250000000000000e+02 2.391250000000000000e+02
2.320000000000000000e+02 2.390000000000000000e+02
2.320000000000000000e+02 2.390000000000000000e+02
2.316250000000000000e+02 2.396250000000000000e+02
2.310000000000000000e+02 2.400000000000000000e+02
2.301250000000000000e+02 2.401250000000000000e+02
2.290000000000000000e+02 2.400000000000000000e+02
2.290000000000000000e+02 2.400000000000000000e+02
2.280000000000000000e+02 2.398750000000000000e+02
2.270000000000000000e+02 2.400000000000000000e+02
2.260000000000000000e+02 2.403750000000000000e+02
2.250000000000000000e+02 2.410000000000000000e+02
2.250000000000000000e+02 2.410000000000000000e+02
2.238750000000000000e+02 2.408750000000000000e+02
2.230000000000000000e+02 2.410000000000000000e+02
2.223750000000000000e+02 2.413750000000000000e+02
2.220000000000000000e+02 2.420000000000000000e+02
2.220000000000000000e+02 2.420000000000000000e+02
2.215000000000000000e+02 2.425000000000000000e+02
2.210000000000000000e+02 2.430000000000000000e+02
2.205000000000000000e+02 2.435000000000000000e+02
2.200000000000000000e+02 2.440000000000000000e+02
2.200000000000000000e+02 2.440000000000000000e+02
2.190000000000000000e+02 2.440000000000000000e+02
2.180000000000000000e+02 2.440000000000000000e+02
2.170000000000000000e+02 2.440000000000000000e+02
2.160000000000000000e+02 2.440000000000000000e+02
2.160000000000000000e+02 2.440000000000000000e+02
2.150000000000000000e+02 2.438750000000000000e+02
2.140000000000000000e+02 2.440000000000000000e+02
2.130000000000000000e+02 2.443750000000000000e+02
2.120000000000000000e+02 2.450000000000000000e+02
2.120000000000000000e+02 2.450000000000000000e+02
2.108750000000000000e+02 2.448750000000000000e+02
2.100000000000000000e+02 2.450000000000000000e+02
2.093750000000000000e+02 2.453750000000000000e+02
2.090000000000000000e+02 2.460000000000000000e+02
2.090000000000000000e+02 2.460000000000000000e+02
2.080000000000000000e+02 2.460000000000000000e+02
2.070000000000000000e+02 2.460000000000000000e+02
2.060000000000000000e+02 2.460000000000000000e+02
2.050000000000000000e+02 2.460000000000000000e+02
2.050000000000000000e+02 2.460000000000000000e+02
2.040000000000000000e+02 2.460000000000000000e+02
2.030000000000000000e+02 2.460000000000000000e+02
2.020000000000000000e+02 2.460000000000000000e+02
2.010000000000000000e+02 2.460000000000000000e+02
2.010000000000000000e+02 2.460000000000000000e+02
2.000000000000000000e+02 2.460000000000000000e+02
1.990000000000000000e+02 2.460000000000000000e+02
1.980000000000000000e+02 2.460000000000000000e+02
1.970000000000000000e+02 2.460000000000000000e+02
1.970000000000000000e+02 2.460000000000000000e+02
1.960000000000000000e+02 2.460000000000000000e+02
1.950000000000000000e+02 2.460000000000000000e+02
1.940000000000000000e+02 2.460000000000000000e+02
1.930000000000000000e+02 2.460000000000000000e+02
1.930000000000000000e+02 2.460000000000000000e+02
1.920000000000000000e+02 2.460000000000000000e+02
1.910000000000000000e+02 2.460000000000000000e+02
1.900000000000000000e+02 2.460000000000000000e+02
1.890000000000000000e+02 2.460000000000000000e+02
1.890000000000000000e+02 2.460000000000000000e+02
1.880000000000000000e+02 2.460000000000000000e+02
1.870000000000000000e+02 2.460000000000000000e+02
1.860000000000000000e+02 2.460000000000000000e+02
1.850000000000000000e+02 2.460000000000000000e+02
1.850000000000000000e+02 2.460000000000000000e+02
1.840000000000000000e+02 2.460000000000000000e+02
1.830000000000000000e+02 2.460000000000000000e+02
1.820000000000000000e+02 2.460000000000000000e+02
1.810000000000000000e+02 2.460000000000000000e+02
1.810000000000000000e+02 2.460000000000000000e+02
1.800000000000000000e+02 2.460000000000000000e+02
1.790000000000000000e+02 2.460000000000000000e+02
1.780000000000000000e+02 2.460000000000000000e+02
1.770000000000000000e+02 2.460000000000000000e+02
1.770000000000000000e+02 2.460000000000000000e+02
1.760000000000000000e+02 2.460000000000000000e+02
1.750000000000000000e+02 2.460000000000000000e+02
1.740000000000000000e+02 2.460000000000000000e+02
1.730000000000000000e+02 2.460000000000000000e+02
1.730000000000000000e+02 2.460000000000000000e+02
1.720000000000000000e+02 2.460000000000000000e+02
1.710000000000000000e+02 2.460000000000000000e+02
1.700000000000000000e+02 2.460000000000000000e+02
1.690000000000000000e+02 2.460000000000000000e+02
1.690000000000000000e+02 2.460000000000000000e+02
1.680000000000000000e+02 2.460000000000000000e+02
1.670000000000000000e+02 2.460000000000000000e+02
1.660000000000000000e+02 2.460000000000000000e+02
1.650000000000000000e+02 2.460000000000000000e+02
1.650000000000000000e+02 2.460000000000000000e+02
1.640000000000000000e+02 2.460000000000000000e+02
1.630000000000000000e+02 2.460000000000000000e+02
1.620000000000000000e+02 2.460000000000000000e+02
1.610000000000000000e+02 2.460000000000000000e+02
1.610000000000000000e+02 2.460000000000000000e+02
1.592500000000000000e+02 2.455000000000000000e+02
1.580000000000000000e+02 2.450000000000000000e+02
1.572500000000000000e+02 2.445000000000000000e+02
1.570000000000000000e+02 2.440000000000000000e+02
1.570000000000000000e+02 2.440000000000000000e+02
1.565000000000000000e+02 2.435000000000000000e+02
1.560000000000000000e+02 2.430000000000000000e+02
1.555000000000000000e+02 2.425000000000000000e+02
1.550000000000000000e+02 2.420000000000000000e+02
1.550000000000000000e+02 2.420000000000000000e+02
1.546250000000000000e+02 2.415000000000000000e+02
1.540000000000000000e+02 2.410000000000000000e+02
1.531250000000000000e+02 2.405000000000000000e+02
1.520000000000000000e+02 2.400000000000000000e+02
1.520000000000000000e+02 2.400000000000000000e+02
1.516250000000000000e+02 2.395000000000000000e+02
1.510000000000000000e+02 2.390000000000000000e+02
1.501250000000000000e+02 2.385000000000000000e+02
1.490000000000000000e+02 2.380000000000000000e+02
1.490000000000000000e+02 2.380000000000000000e+02
1.480000000000000000e+02 2.381250000000000000e+02
1.470000000000000000e+02 2.380000000000000000e+02
1.460000000000000000e+02 2.376250000000000000e+02
1.450000000000000000e+02 2.370000000000000000e+02
1.450000000000000000e+02 2.370000000000000000e+02
1.440000000000000000e+02 2.370000000000000000e+02
1.430000000000000000e+02 2.370000000000000000e+02
1.420000000000000000e+02 2.370000000000000000e+02
1.410000000000000000e+02 2.370000000000000000e+02
1.410000000000000000e+02 2.370000000000000000e+02
1.400000000000000000e+02 2.363750000000000000e+02
1.390000000000000000e+02 2.360000000000000000e+02
1.380000000000000000e+02 2.358750000000000000e+02
1.370000000000000000e+02 2.360000000000000000e+02
1.370000000000000000e+02 2.360000000000000000e+02
1.358750000000000000e+02 2.355000000000000000e+02
1.350000000000000000e+02 2.350000000000000000e+02
1.343750000000000000e+02 2.345000000000000000e+02
1.340000000000000000e+02 2.340000000000000000e+02
1.340000000000000000e+02 2.340000000000000000e+02
1.335000000000000000e+02 2.335000000000000000e+02
1.330000000000000000e+02 2.330000000000000000e+02
1.325000000000000000e+02 2.325000000000000000e+02
1.320000000000000000e+02 2.320000000000000000e+02
1.320000000000000000e+02 2.320000000000000000e+02
1.310000000000000000e+02 2.315000000000000000e+02
1.300000000000000000e+02 2.310000000000000000e+02
1.290000000000000000e+02 2.305000000000000000e+02
1.280000000000000000e+02 2.300000000000000000e+02
1.280000000000000000e+02 2.300000000000000000e+02
1.275000000000000000e+02 2.295000000000000000e+02
1.270000000000000000e+02 2.290000000000000000e+02
1.265000000000000000e+02 2.285000000000000000e+02
1.260000000000000000e+02 2.280000000000000000e+02
1.260000000000000000e+02 2.280000000000000000e+02
1.255000000000000000e+02 2.275000000000000000e+02
1.250000000000000000e+02 2.270000000000000000e+02
1.245000000000000000e+02 2.265000000000000000e+02
1.240000000000000000e+02 2.260000000000000000e+02
1.240000000000000000e+02 2.260000000000000000e+02
1.235000000000000000e+02 2.255000000000000000e+02
1.230000000000000000e+02 2.250000000000000000e+02
1.225000000000000000e+02 2.245000000000000000e+02
1.220000000000000000e+02 2.240000000000000000e+02
1.220000000000000000e+02 2.240000000000000000e+02
1.215000000000000000e+02 2.235000000000000000e+02
1.210000000000000000e+02 2.230000000000000000e+02
1.205000000000000000e+02 2.225000000000000000e+02
1.200000000000000000e+02 2.220000000000000000e+02
1.200000000000000000e+02 2.220000000000000000e+02
1.195000000000000000e+02 2.215000000000000000e+02
1.190000000000000000e+02 2.210000000000000000e+02
1.185000000000000000e+02 2.205000000000000000e+02
1.180000000000000000e+02 2.200000000000000000e+02
1.180000000000000000e+02 2.200000000000000000e+02
1.175000000000000000e+02 2.195000000000000000e+02
1.170000000000000000e+02 2.190000000000000000e+02
1.165000000000000000e+02 2.185000000000000000e+02
1.160000000000000000e+02 2.180000000000000000e+02
1.160000000000000000e+02 2.180000000000000000e+02
1.161250000000000000e+02 2.170000000000000000e+02
1.160000000000000000e+02 2.160000000000000000e+02
1.156250000000000000e+02 2.150000000000000000e+02
1.150000000000000000e+02 2.140000000000000000e+02
1.150000000000000000e+02 2.140000000000000000e+02
1.145000000000000000e+02 2.135000000000000000e+02
1.140000000000000000e+02 2.130000000000000000e+02
1.135000000000000000e+02 2.125000000000000000e+02
1.130000000000000000e+02 2.120000000000000000e+02
1.130000000000000000e+02 2.120000000000000000e+02
1.118750000000000000e+02 2.115000000000000000e+02
1.110000000000000000e+02 2.110000000000000000e+02
1.103750000000000000e+02 2.105000000000000000e+02
1.100000000000000000e+02 2.100000000000000000e+02
1.100000000000000000e+02 2.100000000000000000e+02
1.101250000000000000e+02 2.088750000000000000e+02
1.100000000000000000e+02 2.080000000000000000e+02
1.096250000000000000e+02 2.073750000000000000e+02
1.090000000000000000e+02 2.070000000000000000e+02
1.090000000000000000e+02 2.070000000000000000e+02
1.085000000000000000e+02 2.058750000000000000e+02
1.080000000000000000e+02 2.050000000000000000e+02
1.075000000000000000e+02 2.043750000000000000e+02
1.070000000000000000e+02 2.040000000000000000e+02
1.070000000000000000e+02 2.040000000000000000e+02
1.065000000000000000e+02 2.035000000000000000e+02
1.060000000000000000e+02 2.030000000000000000e+02
1.055000000000000000e+02 2.025000000000000000e+02
1.050000000000000000e+02 2.020000000000000000e+02
1.050000000000000000e+02 2.020000000000000000e+02
1.050000000000000000e+02 2.010000000000000000e+02
1.050000000000000000e+02 2.000000000000000000e+02
1.050000000000000000e+02 1.990000000000000000e+02
1.050000000000000000e+02 1.980000000000000000e+02
1.050000000000000000e+02 1.980000000000000000e+02
1.045000000000000000e+02 1.971250000000000000e+02
1.040000000000000000e+02 1.960000000000000000e+02
1.035000000000000000e+02 1.946250000000000000e+02
1.030000000000000000e+02 1.930000000000000000e+02
1.030000000000000000e+02 1.930000000000000000e+02
1.023750000000000000e+02 1.926250000000000000e+02
1.020000000000000000e+02 1.920000000000000000e+02
1.018750000000000000e+02 1.911250000000000000e+02
1.020000000000000000e+02 1.900000000000000000e+02
1.020000000000000000e+02 1.900000000000000000e+02
1.015000000000000000e+02 1.890000000000000000e+02
1.010000000000000000e+02 1.880000000000000000e+02
1.005000000000000000e+02 1.870000000000000000e+02
1.000000000000000000e+02 1.860000000000000000e+02
1.000000000000000000e+02 1.860000000000000000e+02
1.001250000000000000e+02 1.850000000000000000e+02
1.000000000000000000e+02 1.840000000000000000e+02
9.962500000000000000e+01 1.830000000000000000e+02
9.900000000000000000e+01 1.820000000000000000e+02
9.900000000000000000e+01 1.820000000000000000e+02
9.900000000000000000e+01 1.810000000000000000e+02
9.900000000000000000e+01 1.800000000000000000e+02
9.900000000000000000e+01 1.790000000000000000e+02
9.900000000000000000e+01 1.780000000000000000e+02
9.900000000000000000e+01 1.780000000000000000e+02
9.900000000000000000e+01 1.770000000000000000e+02
9.900000000000000000e+01 1.760000000000000000e+02
9.900000000000000000e+01 1.750000000000000000e+02
9.900000000000000000e+01 1.740000000000000000e+02
9.900000000000000000e+01 1.740000000000000000e+02
9.850000000000000000e+01 1.728750000000000000e+02
9.800000000000000000e+01 1.720000000000000000e+02
9.750000000000000000e+01 1.713750000000000000e+02
9.700000000000000000e+01 1.710000000000000000e+02
9.700000000000000000e+01 1.710000000000000000e+02
9.712500000000000000e+01 1.700000000000000000e+02
9.700000000000000000e+01 1.690000000000000000e+02
9.662500000000000000e+01 1.680000000000000000e+02
9.600000000000000000e+01 1.670000000000000000e+02
9.600000000000000000e+01 1.670000000000000000e+02
9.612500000000000000e+01 1.661250000000000000e+02
9.600000000000000000e+01 1.650000000000000000e+02
9.562500000000000000e+01 1.636250000000000000e+02
9.500000000000000000e+01 1.620000000000000000e+02
9.500000000000000000e+01 1.620000000000000000e+02
9.437500000000000000e+01 1.610000000000000000e+02
9.400000000000000000e+01 1.600000000000000000e+02
9.387500000000000000e+01 1.590000000000000000e+02
9.400000000000000000e+01 1.580000000000000000e+02
9.400000000000000000e+01 1.580000000000000000e+02
9.400000000000000000e+01 1.570000000000000000e+02
9.400000000000000000e+01 1.560000000000000000e+02
9.400000000000000000e+01 1.550000000000000000e+02
9.400000000000000000e+01 1.540000000000000000e+02
9.400000000000000000e+01 1.540000000000000000e+02
9.400000000000000000e+01 1.530000000000000000e+02
9.400000000000000000e+01 1.520000000000000000e+02
9.400000000000000000e+01 1.510000000000000000e+02
9.400000000000000000e+01 1.500000000000000000e+02
9.400000000000000000e+01 1.500000000000000000e+02
9.400000000000000000e+01 1.490000000000000000e+02
9.400000000000000000e+01 1.480000000000000000e+02
9.400000000000000000e+01 1.470000000000000000e+02
9.400000000000000000e+01 1.460000000000000000e+02
9.400000000000000000e+01 1.460000000000000000e+02
9.400000000000000000e+01 1.450000000000000000e+02
9.400000000000000000e+01 1.440000000000000000e+02
9.400000000000000000e+01 1.430000000000000000e+02
9.400000000000000000e+01 1.420000000000000000e+02
9.400000000000000000e+01 1.420000000000000000e+02
9.400000000000000000e+01 1.410000000000000000e+02
9.400000000000000000e+01 1.400000000000000000e+02
9.400000000000000000e+01 1.390000000000000000e+02
9.400000000000000000e+01 1.380000000000000000e+02
9.400000000000000000e+01 1.380000000000000000e+02
9.400000000000000000e+01 1.370000000000000000e+02
9.400000000000000000e+01 1.360000000000000000e+02
9.400000000000000000e+01 1.350000000000000000e+02
9.400000000000000000e+01 1.340000000000000000e+02
9.400000000000000000e+01 1.340000000000000000e+02
9.400000000000000000e+01 1.330000000000000000e+02
9.400000000000000000e+01 1.320000000000000000e+02
9.400000000000000000e+01 1.310000000000000000e+02
9.400000000000000000e+01 1.300000000000000000e+02
9.400000000000000000e+01 1.300000000000000000e+02
9.400000000000000000e+01 1.290000000000000000e+02
9.400000000000000000e+01 1.280000000000000000e+02
9.400000000000000000e+01 1.270000000000000000e+02
9.400000000000000000e+01 1.260000000000000000e+02
9.400000000000000000e+01 1.260000000000000000e+02
9.400000000000000000e+01 1.250000000000000000e+02
9.400000000000000000e+01 1.240000000000000000e+02
9.400000000000000000e+01 1.230000000000000000e+02
9.400000000000000000e+01 1.220000000000000000e+02
9.400000000000000000e+01 1.220000000000000000e+02
9.400000000000000000e+01 1.210000000000000000e+02
9.400000000000000000e+01 1.200000000000000000e+02
9.400000000000000000e+01 1.190000000000000000e+02
9.400000000000000000e+01 1.180000000000000000e+02
9.400000000000000000e+01 1.180000000000000000e+02
9.450000000000000000e+01 1.175000000000000000e+02
9.500000000000000000e+01 1.170000000000000000e+02
9.550000000000000000e+01 1.165000000000000000e+02
9.600000000000000000e+01 1.160000000000000000e+02
9.600000000000000000e+01 1.160000000000000000e+02
9.650000000000000000e+01 1.148750000000000000e+02
9.700000000000000000e+01 1.140000000000000000e+02
9.750000000000000000e+01 1.133750000000000000e+02
9.800000000000000000e+01 1.130000000000000000e+02
9.800000000000000000e+01 1.130000000000000000e+02
9.862500000000000000e+01 1.126250000000000000e+02
9.900000000000000000e+01 1.120000000000000000e+02
9.912500000000000000e+01 1.111250000000000000e+02
9.900000000000000000e+01 1.100000000000000000e+02
9.900000000000000000e+01 1.100000000000000000e+02
9.950000000000000000e+01 1.088750000000000000e+02
1.000000000000000000e+02 1.080000000000000000e+02
1.005000000000000000e+02 1.073750000000000000e+02
1.010000000000000000e+02 1.070000000000000000e+02
1.010000000000000000e+02 1.070000000000000000e+02
1.013750000000000000e+02 1.065000000000000000e+02
1.020000000000000000e+02 1.060000000000000000e+02
1.028750000000000000e+02 1.055000000000000000e+02
1.040000000000000000e+02 1.050000000000000000e+02
1.040000000000000000e+02 1.050000000000000000e+02
1.045000000000000000e+02 1.045000000000000000e+02
1.050000000000000000e+02 1.040000000000000000e+02
1.055000000000000000e+02 1.035000000000000000e+02
1.060000000000000000e+02 1.030000000000000000e+02
1.060000000000000000e+02 1.030000000000000000e+02
1.065000000000000000e+02 1.025000000000000000e+02
1.070000000000000000e+02 1.020000000000000000e+02
1.075000000000000000e+02 1.015000000000000000e+02
1.080000000000000000e+02 1.010000000000000000e+02
1.080000000000000000e+02 1.010000000000000000e+02
1.085000000000000000e+02 1.005000000000000000e+02
1.090000000000000000e+02 1.000000000000000000e+02
1.095000000000000000e+02 9.950000000000000000e+01
1.100000000000000000e+02 9.900000000000000000e+01
1.100000000000000000e+02 9.900000000000000000e+01
1.105000000000000000e+02 9.850000000000000000e+01
1.110000000000000000e+02 9.800000000000000000e+01
1.115000000000000000e+02 9.750000000000000000e+01
1.120000000000000000e+02 9.700000000000000000e+01
1.120000000000000000e+02 9.700000000000000000e+01
1.125000000000000000e+02 9.600000000000000000e+01
1.130000000000000000e+02 9.500000000000000000e+01
1.135000000000000000e+02 9.400000000000000000e+01
1.140000000000000000e+02 9.300000000000000000e+01
1.140000000000000000e+02 9.300000000000000000e+01
1.145000000000000000e+02 9.187500000000000000e+01
1.150000000000000000e+02 9.100000000000000000e+01
1.155000000000000000e+02 9.037500000000000000e+01
1.160000000000000000e+02 9.000000000000000000e+01
1.160000000000000000e+02 9.000000000000000000e+01
1.165000000000000000e+02 8.887500000000000000e+01
1.170000000000000000e+02 8.800000000000000000e+01
1.175000000000000000e+02 8.737500000000000000e+01
1.180000000000000000e+02 8.700000000000000000e+01
1.180000000000000000e+02 8.700000000000000000e+01
1.185000000000000000e+02 8.650000000000000000e+01
1.190000000000000000e+02 8.600000000000000000e+01
1.195000000000000000e+02 8.550000000000000000e+01
1.200000000000000000e+02 8.500000000000000000e+01
1.200000000000000000e+02 8.500000000000000000e+01
1.205000000000000000e+02 8.450000000000000000e+01
1.210000000000000000e+02 8.400000000000000000e+01
1.215000000000000000e+02 8.350000000000000000e+01
1.220000000000000000e+02 8.300000000000000000e+01
1.220000000000000000e+02 8.300000000000000000e+01
1.225000000000000000e+02 8.250000000000000000e+01
1.230000000000000000e+02 8.200000000000000000e+01
1.235000000000000000e+02 8.150000000000000000e+01
1.240000000000000000e+02 8.100000000000000000e+01
1.240000000000000000e+02 8.100000000000000000e+01
1.245000000000000000e+02 8.050000000000000000e+01
1.250000000000000000e+02 8.000000000000000000e+01
1.255000000000000000e+02 7.950000000000000000e+01
1.260000000000000000e+02 7.900000000000000000e+01
1.260000000000000000e+02 7.900000000000000000e+01
1.265000000000000000e+02 7.850000000000000000e+01
1.270000000000000000e+02 7.800000000000000000e+01
1.275000000000000000e+02 7.750000000000000000e+01
1.280000000000000000e+02 7.700000000000000000e+01
1.280000000000000000e+02 7.700000000000000000e+01
1.291250000000000000e+02 7.712500000000000000e+01
1.300000000000000000e+02 7.700000000000000000e+01
1.306250000000000000e+02 7.662500000000000000e+01
1.310000000000000000e+02 7.600000000000000000e+01
1.310000000000000000e+02 7.600000000000000000e+01
1.315000000000000000e+02 7.550000000000000000e+01
1.320000000000000000e+02 7.500000000000000000e+01
1.325000000000000000e+02 7.450000000000000000e+01
1.330000000000000000e+02 7.400000000000000000e+01
1.330000000000000000e+02 7.400000000000000000e+01
1.333750000000000000e+02 7.350000000000000000e+01
1.340000000000000000e+02 7.300000000000000000e+01
1.348750000000000000e+02 7.250000000000000000e+01
1.360000000000000000e+02 7.200000000000000000e+01
1.360000000000000000e+02 7.200000000000000000e+01
1.365000000000000000e+02 7.150000000000000000e+01
1.370000000000000000e+02 7.100000000000000000e+01
1.375000000000000000e+02 7.050000000000000000e+01
1.380000000000000000e+02 7.000000000000000000e+01
1.380000000000000000e+02 7.000000000000000000e+01
1.385000000000000000e+02 6.950000000000000000e+01
1.390000000000000000e+02 6.900000000000000000e+01
1.395000000000000000e+02 6.850000000000000000e+01
1.400000000000000000e+02 6.800000000000000000e+01
1.400000000000000000e+02 6.800000000000000000e+01
1.405000000000000000e+02 6.750000000000000000e+01
1.410000000000000000e+02 6.700000000000000000e+01
1.415000000000000000e+02 6.650000000000000000e+01
1.420000000000000000e+02 6.600000000000000000e+01
1.420000000000000000e+02 6.600000000000000000e+01
1.431250000000000000e+02 6.550000000000000000e+01
1.440000000000000000e+02 6.500000000000000000e+01
1.446250000000000000e+02 6.450000000000000000e+01
1.450000000000000000e+02 6.400000000000000000e+01
1.450000000000000000e+02 6.400000000000000000e+01
1.460000000000000000e+02 6.337500000000000000e+01
1.470000000000000000e+02 6.300000000000000000e+01
1.480000000000000000e+02 6.287500000000000000e+01
1.490000000000000000e+02 6.300000000000000000e+01
1.490000000000000000e+02 6.300000000000000000e+01
1.500000000000000000e+02 6.300000000000000000e+01
1.510000000000000000e+02 6.300000000000000000e+01
1.520000000000000000e+02 6.300000000000000000e+01
1.530000000000000000e+02 6.300000000000000000e+01
1.530000000000000000e+02 6.300000000000000000e+01
1.540000000000000000e+02 6.312500000000000000e+01
1.550000000000000000e+02 6.300000000000000000e+01
1.560000000000000000e+02 6.262500000000000000e+01
1.570000000000000000e+02 6.200000000000000000e+01
1.570000000000000000e+02 6.200000000000000000e+01
1.580000000000000000e+02 6.137500000000000000e+01
1.590000000000000000e+02 6.100000000000000000e+01
1.600000000000000000e+02 6.087500000000000000e+01
1.610000000000000000e+02 6.100000000000000000e+01
1.610000000000000000e+02 6.100000000000000000e+01
1.620000000000000000e+02 6.100000000000000000e+01
1.630000000000000000e+02 6.100000000000000000e+01
1.640000000000000000e+02 6.100000000000000000e+01
1.650000000000000000e+02 6.100000000000000000e+01
1.650000000000000000e+02 6.100000000000000000e+01
1.661250000000000000e+02 6.112500000000000000e+01
1.670000000000000000e+02 6.100000000000000000e+01
1.676250000000000000e+02 6.062500000000000000e+01
1.680000000000000000e+02 6.000000000000000000e+01
1.680000000000000000e+02 6.000000000000000000e+01
1.683750000000000000e+02 5.937500000000000000e+01
1.690000000000000000e+02 5.900000000000000000e+01
1.698750000000000000e+02 5.887500000000000000e+01
1.710000000000000000e+02 5.900000000000000000e+01
1.710000000000000000e+02 5.900000000000000000e+01
1.720000000000000000e+02 5.900000000000000000e+01
1.730000000000000000e+02 5.900000000000000000e+01
1.740000000000000000e+02 5.900000000000000000e+01
1.750000000000000000e+02 5.900000000000000000e+01
1.750000000000000000e+02 5.900000000000000000e+01
1.753750000000000000e+02 5.837500000000000000e+01
1.760000000000000000e+02 5.800000000000000000e+01
1.768750000000000000e+02 5.787500000000000000e+01
1.780000000000000000e+02 5.800000000000000000e+01
1.780000000000000000e+02 5.800000000000000000e+01
1.790000000000000000e+02 5.812500000000000000e+01
1.800000000000000000e+02 5.800000000000000000e+01
1.810000000000000000e+02 5.762500000000000000e+01
1.820000000000000000e+02 5.700000000000000000e+01
1.820000000000000000e+02 5.700000000000000000e+01
1.830000000000000000e+02 5.700000000000000000e+01
1.840000000000000000e+02 5.700000000000000000e+01
1.850000000000000000e+02 5.700000000000000000e+01
1.860000000000000000e+02 5.700000000000000000e+01
1.860000000000000000e+02 5.700000000000000000e+01
1.870000000000000000e+02 5.700000000000000000e+01
1.880000000000000000e+02 5.700000000000000000e+01
1.890000000000000000e+02 5.700000000000000000e+01
1.900000000000000000e+02 5.700000000000000000e+01
1.900000000000000000e+02 5.700000000000000000e+01
1.910000000000000000e+02 5.700000000000000000e+01
1.920000000000000000e+02 5.700000000000000000e+01
1.930000000000000000e+02 5.700000000000000000e+01
1.940000000000000000e+02 5.700000000000000000e+01
1.940000000000000000e+02 5.700000000000000000e+01
1.950000000000000000e+02 5.700000000000000000e+01
1.960000000000000000e+02 5.700000000000000000e+01
1.970000000000000000e+02 5.700000000000000000e+01
1.980000000000000000e+02 5.700000000000000000e+01
1.980000000000000000e+02 5.700000000000000000e+01
1.990000000000000000e+02 5.700000000000000000e+01
2.000000000000000000e+02 5.700000000000000000e+01
2.010000000000000000e+02 5.700000000000000000e+01
2.020000000000000000e+02 5.700000000000000000e+01
2.020000000000000000e+02 5.700000000000000000e+01
2.030000000000000000e+02 5.700000000000000000e+01
2.040000000000000000e+02 5.700000000000000000e+01
2.050000000000000000e+02 5.700000000000000000e+01
2.060000000000000000e+02 5.700000000000000000e+01
2.060000000000000000e+02 5.700000000000000000e+01
2.070000000000000000e+02 5.700000000000000000e+01
2.080000000000000000e+02 5.700000000000000000e+01
2.090000000000000000e+02 5.700000000000000000e+01
2.100000000000000000e+02 5.700000000000000000e+01
2.100000000000000000e+02 5.700000000000000000e+01
2.110000000000000000e+02 5.700000000000000000e+01
2.120000000000000000e+02 5.700000000000000000e+01
2.130000000000000000e+02 5.700000000000000000e+01
2.140000000000000000e+02 5.700000000000000000e+01
2.140000000000000000e+02 5.700000000000000000e+01
2.151250000000000000e+02 5.712500000000000000e+01
2.160000000000000000e+02 5.700000000000000000e+01
2.166250000000000000e+02 5.662500000000000000e+01
2.170000000000000000e+02 5.600000000000000000e+01
2.170000000000000000e+02 5.600000000000000000e+01
2.180000000000000000e+02 5.600000000000000000e+01
2.190000000000000000e+02 5.600000000000000000e+01
2.200000000000000000e+02 5.600000000000000000e+01
2.210000000000000000e+02 5.600000000000000000e+01
2.210000000000000000e+02 5.600000000000000000e+01
2.220000000000000000e+02 5.600000000000000000e+01
2.230000000000000000e+02 5.600000000000000000e+01
2.240000000000000000e+02 5.600000000000000000e+01
2.250000000000000000e+02 5.600000000000000000e+01
2.250000000000000000e+02 5.600000000000000000e+01
2.260000000000000000e+02 5.600000000000000000e+01
2.270000000000000000e+02 5.600000000000000000e+01
2.280000000000000000e+02 5.600000000000000000e+01
2.290000000000000000e+02 5.600000000000000000e+01
2.290000000000000000e+02 5.600000000000000000e+01
2.300000000000000000e+02 5.600000000000000000e+01
2.310000000000000000e+02 5.600000000000000000e+01
2.320000000000000000e+02 5.600000000000000000e+01
2.330000000000000000e+02 5.600000000000000000e+01
2.330000000000000000e+02 5.600000000000000000e+01
2.340000000000000000e+02 5.600000000000000000e+01
2.350000000000000000e+02 5.600000000000000000e+01
2.360000000000000000e+02 5.600000000000000000e+01
2.370000000000000000e+02 5.600000000000000000e+01
2.370000000000000000e+02 5.600000000000000000e+01
2.380000000000000000e+02 5.600000000000000000e+01
2.390000000000000000e+02 5.600000000000000000e+01
2.400000000000000000e+02 5.600000000000000000e+01
2.410000000000000000e+02 5.600000000000000000e+01
2.410000000000000000e+02 5.600000000000000000e+01
2.420000000000000000e+02 5.600000000000000000e+01
2.430000000000000000e+02 5.600000000000000000e+01
2.440000000000000000e+02 5.600000000000000000e+01
2.450000000000000000e+02 5.600000000000000000e+01
2.450000000000000000e+02 5.600000000000000000e+01
2.460000000000000000e+02 5.600000000000000000e+01
2.470000000000000000e+02 5.600000000000000000e+01
2.480000000000000000e+02 5.600000000000000000e+01
2.490000000000000000e+02 5.600000000000000000e+01
2.490000000000000000e+02 5.600000000000000000e+01
2.500000000000000000e+02 5.600000000000000000e+01
2.510000000000000000e+02 5.600000000000000000e+01
2.520000000000000000e+02 5.600000000000000000e+01
2.530000000000000000e+02 5.600000000000000000e+01
2.530000000000000000e+02 5.600000000000000000e+01
2.540000000000000000e+02 5.600000000000000000e+01
2.550000000000000000e+02 5.600000000000000000e+01
2.560000000000000000e+02 5.600000000000000000e+01
2.570000000000000000e+02 5.600000000000000000e+01
2.570000000000000000e+02 5.600000000000000000e+01
2.580000000000000000e+02 5.600000000000000000e+01
2.590000000000000000e+02 5.600000000000000000e+01
2.600000000000000000e+02 5.600000000000000000e+01
2.610000000000000000e+02 5.600000000000000000e+01
2.610000000000000000e+02 5.600000000000000000e+01
2.620000000000000000e+02 5.600000000000000000e+01
2.630000000000000000e+02 5.600000000000000000e+01
2.640000000000000000e+02 5.600000000000000000e+01
2.650000000000000000e+02 5.600000000000000000e+01
2.650000000000000000e+02 5.600000000000000000e+01
2.667500000000000000e+02 5.650000000000000000e+01
2.680000000000000000e+02 5.700000000000000000e+01
2.687500000000000000e+02 5.750000000000000000e+01
2.690000000000000000e+02 5.800000000000000000e+01
2.690000000000000000e+02 5.800000000000000000e+01
2.700000000000000000e+02 5.787500000000000000e+01
2.710000000000000000e+02 5.800000000000000000e+01
2.720000000000000000e+02 5.837500000000000000e+01
2.730000000000000000e+02 5.900000000000000000e+01
2.730000000000000000e+02 5.900000000000000000e+01
2.740000000000000000e+02 5.887500000000000000e+01
2.750000000000000000e+02 5.900000000000000000e+01
2.760000000000000000e+02 5.937500000000000000e+01
2.770000000000000000e+02 6.000000000000000000e+01
2.770000000000000000e+02 6.000000000000000000e+01
2.780000000000000000e+02 5.987500000000000000e+01
2.790000000000000000e+02 6.000000000000000000e+01
2.800000000000000000e+02 6.037500000000000000e+01
2.810000000000000000e+02 6.100000000000000000e+01
2.810000000000000000e+02 6.100000000000000000e+01
2.815000000000000000e+02 6.150000000000000000e+01
2.820000000000000000e+02 6.200000000000000000e+01
2.825000000000000000e+02 6.250000000000000000e+01
2.830000000000000000e+02 6.300000000000000000e+01
2.830000000000000000e+02 6.300000000000000000e+01
2.835000000000000000e+02 6.350000000000000000e+01
2.840000000000000000e+02 6.400000000000000000e+01
2.845000000000000000e+02 6.450000000000000000e+01
2.850000000000000000e+02 6.500000000000000000e+01
2.850000000000000000e+02 6.500000000000000000e+01
2.858750000000000000e+02 6.550000000000000000e+01
2.870000000000000000e+02 6.600000000000000000e+01
2.883750000000000000e+02 6.650000000000000000e+01
2.900000000000000000e+02 6.700000000000000000e+01
2.900000000000000000e+02 6.700000000000000000e+01
2.903750000000000000e+02 6.750000000000000000e+01
2.910000000000000000e+02 6.800000000000000000e+01
2.918750000000000000e+02 6.850000000000000000e+01
2.930000000000000000e+02 6.900000000000000000e+01
2.930000000000000000e+02 6.900000000000000000e+01
2.940000000000000000e+02 6.887500000000000000e+01
2.950000000000000000e+02 6.900000000000000000e+01
2.960000000000000000e+02 6.937500000000000000e+01
2.970000000000000000e+02 7.000000000000000000e+01
2.970000000000000000e+02 7.000000000000000000e+01
2.973750000000000000e+02 7.050000000000000000e+01
2.980000000000000000e+02 7.100000000000000000e+01
2.988750000000000000e+02 7.150000000000000000e+01
3.000000000000000000e+02 7.200000000000000000e+01
3.000000000000000000e+02 7.200000000000000000e+01
3.003750000000000000e+02 7.250000000000000000e+01
3.010000000000000000e+02 7.300000000000000000e+01
3.018750000000000000e+02 7.350000000000000000e+01
3.030000000000000000e+02 7.400000000000000000e+01
3.030000000000000000e+02 7.400000000000000000e+01
3.040000000000000000e+02 7.462500000000000000e+01
3.050000000000000000e+02 7.500000000000000000e+01
3.060000000000000000e+02 7.512500000000000000e+01
3.070000000000000000e+02 7.500000000000000000e+01
3.070000000000000000e+02 7.500000000000000000e+01
3.072500000000000000e+02 7.550000000000000000e+01
3.080000000000000000e+02 7.600000000000000000e+01
3.092500000000000000e+02 7.650000000000000000e+01
3.110000000000000000e+02 7.700000000000000000e+01
3.110000000000000000e+02 7.700000000000000000e+01
3.115000000000000000e+02 7.750000000000000000e+01
3.120000000000000000e+02 7.800000000000000000e+01
3.125000000000000000e+02 7.850000000000000000e+01
3.130000000000000000e+02 7.900000000000000000e+01
3.130000000000000000e+02 7.900000000000000000e+01
3.135000000000000000e+02 7.950000000000000000e+01
3.140000000000000000e+02 8.000000000000000000e+01
3.145000000000000000e+02 8.050000000000000000e+01
3.150000000000000000e+02 8.100000000000000000e+01
3.150000000000000000e+02 8.100000000000000000e+01
3.161250000000000000e+02 8.137500000000000000e+01
3.170000000000000000e+02 8.200000000000000000e+01
3.176250000000000000e+02 8.287500000000000000e+01
3.180000000000000000e+02 8.400000000000000000e+01
3.180000000000000000e+02 8.400000000000000000e+01
3.185000000000000000e+02 8.450000000000000000e+01
3.190000000000000000e+02 8.500000000000000000e+01
3.195000000000000000e+02 8.550000000000000000e+01
3.200000000000000000e+02 8.600000000000000000e+01
3.200000000000000000e+02 8.600000000000000000e+01
3.205000000000000000e+02 8.637500000000000000e+01
3.210000000000000000e+02 8.700000000000000000e+01
3.215000000000000000e+02 8.787500000000000000e+01
3.220000000000000000e+02 8.900000000000000000e+01
3.220000000000000000e+02 8.900000000000000000e+01
3.225000000000000000e+02 8.950000000000000000e+01
3.230000000000000000e+02 9.000000000000000000e+01
3.235000000000000000e+02 9.050000000000000000e+01
3.240000000000000000e+02 9.100000000000000000e+01
3.240000000000000000e+02 9.100000000000000000e+01
3.245000000000000000e+02 9.275000000000000000e+01
3.250000000000000000e+02 9.400000000000000000e+01
3.255000000000000000e+02 9.475000000000000000e+01
3.260000000000000000e+02 9.500000000000000000e+01
3.260000000000000000e+02 9.500000000000000000e+01
3.265000000000000000e+02 9.525000000000000000e+01
3.270000000000000000e+02 9.600000000000000000e+01
3.275000000000000000e+02 9.725000000000000000e+01
3.280000000000000000e+02 9.900000000000000000e+01
3.280000000000000000e+02 9.900000000000000000e+01
3.285000000000000000e+02 9.987500000000000000e+01
3.290000000000000000e+02 1.010000000000000000e+02
3.295000000000000000e+02 1.023750000000000000e+02
3.300000000000000000e+02 1.040000000000000000e+02
3.300000000000000000e+02 1.040000000000000000e+02
3.303750000000000000e+02 1.045000000000000000e+02
3.310000000000000000e+02 1.050000000000000000e+02
3.318750000000000000e+02 1.055000000000000000e+02
3.330000000000000000e+02 1.060000000000000000e+02
3.330000000000000000e+02 1.060000000000000000e+02
3.335000000000000000e+02 1.071250000000000000e+02
3.340000000000000000e+02 1.080000000000000000e+02
3.345000000000000000e+02 1.086250000000000000e+02
3.350000000000000000e+02 1.090000000000000000e+02
3.350000000000000000e+02 1.090000000000000000e+02
3.355000000000000000e+02 1.095000000000000000e+02
3.360000000000000000e+02 1.100000000000000000e+02
3.365000000000000000e+02 1.105000000000000000e+02
3.370000000000000000e+02 1.110000000000000000e+02
3.370000000000000000e+02 1.110000000000000000e+02
3.375000000000000000e+02 1.115000000000000000e+02
3.380000000000000000e+02 1.120000000000000000e+02
3.385000000000000000e+02 1.125000000000000000e+02
3.390000000000000000e+02 1.130000000000000000e+02
3.390000000000000000e+02 1.130000000000000000e+02
3.395000000000000000e+02 1.135000000000000000e+02
3.400000000000000000e+02 1.140000000000000000e+02
3.405000000000000000e+02 1.145000000000000000e+02
3.410000000000000000e+02 1.150000000000000000e+02
3.410000000000000000e+02 1.150000000000000000e+02
3.416250000000000000e+02 1.153750000000000000e+02
3.420000000000000000e+02 1.160000000000000000e+02
3.421250000000000000e+02 1.168750000000000000e+02
3.420000000000000000e+02 1.180000000000000000e+02
3.420000000000000000e+02 1.180000000000000000e+02
3.425000000000000000e+02 1.185000000000000000e+02
3.430000000000000000e+02 1.190000000000000000e+02
3.435000000000000000e+02 1.195000000000000000e+02
3.440000000000000000e+02 1.200000000000000000e+02
3.440000000000000000e+02 1.200000000000000000e+02
3.438750000000000000e+02 1.210000000000000000e+02
3.440000000000000000e+02 1.220000000000000000e+02
3.443750000000000000e+02 1.230000000000000000e+02
3.450000000000000000e+02 1.240000000000000000e+02
3.450000000000000000e+02 1.240000000000000000e+02
3.455000000000000000e+02 1.245000000000000000e+02
3.460000000000000000e+02 1.250000000000000000e+02
3.465000000000000000e+02 1.255000000000000000e+02
3.470000000000000000e+02 1.260000000000000000e+02
3.470000000000000000e+02 1.260000000000000000e+02
3.475000000000000000e+02 1.276250000000000000e+02
3.480000000000000000e+02 1.290000000000000000e+02
3.485000000000000000e+02 1.301250000000000000e+02
3.490000000000000000e+02 1.310000000000000000e+02
3.490000000000000000e+02 1.310000000000000000e+02
3.490000000000000000e+02 1.320000000000000000e+02
3.490000000000000000e+02 1.330000000000000000e+02
3.490000000000000000e+02 1.340000000000000000e+02
3.490000000000000000e+02 1.350000000000000000e+02
3.490000000000000000e+02 1.350000000000000000e+02
3.490000000000000000e+02 1.360000000000000000e+02
3.490000000000000000e+02 1.370000000000000000e+02
3.490000000000000000e+02 1.380000000000000000e+02
3.490000000000000000e+02 1.390000000000000000e+02
3.490000000000000000e+02 1.390000000000000000e+02
3.490000000000000000e+02 1.400000000000000000e+02
3.490000000000000000e+02 1.410000000000000000e+02
3.490000000000000000e+02 1.420000000000000000e+02
3.490000000000000000e+02 1.430000000000000000e+02
3.490000000000000000e+02 1.430000000000000000e+02
3.490000000000000000e+02 1.440000000000000000e+02
3.490000000000000000e+02 1.450000000000000000e+02
3.490000000000000000e+02 1.460000000000000000e+02
3.490000000000000000e+02 1.470000000000000000e+02
3.490000000000000000e+02 1.470000000000000000e+02
3.490000000000000000e+02 1.480000000000000000e+02
3.490000000000000000e+02 1.490000000000000000e+02
3.490000000000000000e+02 1.500000000000000000e+02
3.490000000000000000e+02 1.510000000000000000e+02
3.490000000000000000e+02 1.510000000000000000e+02
3.490000000000000000e+02 1.520000000000000000e+02
3.490000000000000000e+02 1.530000000000000000e+02
3.490000000000000000e+02 1.540000000000000000e+02
3.490000000000000000e+02 1.550000000000000000e+02
3.490000000000000000e+02 1.550000000000000000e+02
3.490000000000000000e+02 1.560000000000000000e+02
3.490000000000000000e+02 1.570000000000000000e+02
3.490000000000000000e+02 1.580000000000000000e+02
3.490000000000000000e+02 1.590000000000000000e+02
3.490000000000000000e+02 1.590000000000000000e+02
3.490000000000000000e+02 1.600000000000000000e+02
3.490000000000000000e+02 1.610000000000000000e+02
3.490000000000000000e+02 1.620000000000000000e+02
3.490000000000000000e+02 1.630000000000000000e+02
3.490000000000000000e+02 1.630000000000000000e+02
3.490000000000000000e+02 1.640000000000000000e+02
3.490000000000000000e+02 1.650000000000000000e+02
3.490000000000000000e+02 1.660000000000000000e+02
3.490000000000000000e+02 1.670000000000000000e+02
3.490000000000000000e+02 1.670000000000000000e+02
3.488750000000000000e+02 1.680000000000000000e+02
3.490000000000000000e+02 1.690000000000000000e+02
3.493750000000000000e+02 1.700000000000000000e+02
3.500000000000000000e+02 1.710000000000000000e+02
3.500000000000000000e+02 1.710000000000000000e+02
3.506250000000000000e+02 1.726250000000000000e+02
3.510000000000000000e+02 1.740000000000000000e+02
3.511250000000000000e+02 1.751250000000000000e+02
3.510000000000000000e+02 1.760000000000000000e+02
3.510000000000000000e+02 1.760000000000000000e+02
3.510000000000000000e+02 1.770000000000000000e+02
3.510000000000000000e+02 1.780000000000000000e+02
3.510000000000000000e+02 1.790000000000000000e+02
3.510000000000000000e+02 1.800000000000000000e+02
3.510000000000000000e+02 1.800000000000000000e+02
3.503750000000000000e+02 1.803750000000000000e+02
3.500000000000000000e+02 1.810000000000000000e+02
3.498750000000000000e+02 1.818750000000000000e+02
3.500000000000000000e+02 1.830000000000000000e+02
3.500000000000000000e+02 1.830000000000000000e+02
3.500000000000000000e+02 1.840000000000000000e+02
3.500000000000000000e+02 1.850000000000000000e+02
3.500000000000000000e+02 1.860000000000000000e+02
3.500000000000000000e+02 1.870000000000000000e+02
3.500000000000000000e+02 1.870000000000000000e+02
3.495000000000000000e+02 1.881250000000000000e+02
3.490000000000000000e+02 1.890000000000000000e+02
3.485000000000000000e+02 1.896250000000000000e+02
3.480000000000000000e+02 1.900000000000000000e+02
3.480000000000000000e+02 1.900000000000000000e+02
3.475000000000000000e+02 1.903750000000000000e+02
3.470000000000000000e+02 1.910000000000000000e+02
3.465000000000000000e+02 1.918750000000000000e+02
3.460000000000000000e+02 1.930000000000000000e+02
3.460000000000000000e+02 1.930000000000000000e+02
3.460000000000000000e+02 1.940000000000000000e+02
3.460000000000000000e+02 1.950000000000000000e+02
3.460000000000000000e+02 1.960000000000000000e+02
3.460000000000000000e+02 1.970000000000000000e+02
3.460000000000000000e+02 1.970000000000000000e+02
3.461250000000000000e+02 1.981250000000000000e+02
3.460000000000000000e+02 1.990000000000000000e+02
3.456250000000000000e+02 1.996250000000000000e+02
3.450000000000000000e+02 2.000000000000000000e+02
3.450000000000000000e+02 2.000000000000000000e+02
3.445000000000000000e+02 2.016250000000000000e+02
3.440000000000000000e+02 2.030000000000000000e+02
3.435000000000000000e+02 2.041250000000000000e+02
3.430000000000000000e+02 2.050000000000000000e+02
3.430000000000000000e+02 2.050000000000000000e+02
3.425000000000000000e+02 2.053750000000000000e+02
3.420000000000000000e+02 2.060000000000000000e+02
3.415000000000000000e+02 2.068750000000000000e+02
3.410000000000000000e+02 2.080000000000000000e+02
3.410000000000000000e+02 2.080000000000000000e+02
3.411250000000000000e+02 2.090000000000000000e+02
3.410000000000000000e+02 2.100000000000000000e+02
3.406250000000000000e+02 2.110000000000000000e+02
3.400000000000000000e+02 2.120000000000000000e+02
3.400000000000000000e+02 2.120000000000000000e+02
3.401250000000000000e+02 2.131250000000000000e+02
3.400000000000000000e+02 2.140000000000000000e+02
3.396250000000000000e+02 2.146250000000000000e+02
3.390000000000000000e+02 2.150000000000000000e+02
3.390000000000000000e+02 2.150000000000000000e+02
3.391250000000000000e+02 2.160000000000000000e+02
3.390000000000000000e+02 2.170000000000000000e+02
3.386250000000000000e+02 2.180000000000000000e+02
3.380000000000000000e+02 2.190000000000000000e+02
3.380000000000000000e+02 2.190000000000000000e+02
3.373750000000000000e+02 2.193750000000000000e+02
3.370000000000000000e+02 2.200000000000000000e+02
3.368750000000000000e+02 2.208750000000000000e+02
3.370000000000000000e+02 2.220000000000000000e+02
3.370000000000000000e+02 2.220000000000000000e+02
3.365000000000000000e+02 2.225000000000000000e+02
3.360000000000000000e+02 2.230000000000000000e+02
3.355000000000000000e+02 2.235000000000000000e+02
3.350000000000000000e+02 2.240000000000000000e+02
3.350000000000000000e+02 2.240000000000000000e+02
3.345000000000000000e+02 2.250000000000000000e+02
3.340000000000000000e+02 2.260000000000000000e+02
3.335000000000000000e+02 2.270000000000000000e+02
3.330000000000000000e+02 2.280000000000000000e+02
3.330000000000000000e+02 2.280000000000000000e+02
3.325000000000000000e+02 2.285000000000000000e+02
3.320000000000000000e+02 2.290000000000000000e+02
3.315000000000000000e+02 2.295000000000000000e+02
3.310000000000000000e+02 2.300000000000000000e+02
3.310000000000000000e+02 2.300000000000000000e+02
3.311250000000000000e+02 2.311250000000000000e+02
3.310000000000000000e+02 2.320000000000000000e+02
3.306250000000000000e+02 2.326250000000000000e+02
3.300000000000000000e+02 2.330000000000000000e+02
3.300000000000000000e+02 2.330000000000000000e+02
3.295000000000000000e+02 2.341250000000000000e+02
3.290000000000000000e+02 2.350000000000000000e+02
3.285000000000000000e+02 2.356250000000000000e+02
3.280000000000000000e+02 2.360000000000000000e+02
3.280000000000000000e+02 2.360000000000000000e+02
3.275000000000000000e+02 2.363750000000000000e+02
3.270000000000000000e+02 2.370000000000000000e+02
3.265000000000000000e+02 2.378750000000000000e+02
3.260000000000000000e+02 2.390000000000000000e+02
3.260000000000000000e+02 2.390000000000000000e+02
3.253750000000000000e+02 2.400000000000000000e+02
3.250000000000000000e+02 2.410000000000000000e+02
3.248750000000000000e+02 2.420000000000000000e+02
3.250000000000000000e+02 2.430000000000000000e+02
3.250000000000000000e+02 2.430000000000000000e+02
3.245000000000000000e+02 2.433750000000000000e+02
3.240000000000000000e+02 2.440000000000000000e+02
3.235000000000000000e+02 2.448750000000000000e+02
3.230000000000000000e+02 2.460000000000000000e+02
3.230000000000000000e+02 2.460000000000000000e+02
3.218750000000000000e+02 2.463750000000000000e+02
3.210000000000000000e+02 2.470000000000000000e+02
3.203750000000000000e+02 2.478750000000000000e+02
3.200000000000000000e+02 2.490000000000000000e+02
3.200000000000000000e+02 2.490000000000000000e+02
3.196250000000000000e+02 2.496250000000000000e+02
3.190000000000000000e+02 2.500000000000000000e+02
3.181250000000000000e+02 2.501250000000000000e+02
3.170000000000000000e+02 2.500000000000000000e+02
3.170000000000000000e+02 2.500000000000000000e+02
3.165000000000000000e+02 2.505000000000000000e+02
3.160000000000000000e+02 2.510000000000000000e+02
3.155000000000000000e+02 2.515000000000000000e+02
3.150000000000000000e+02 2.520000000000000000e+02
3.150000000000000000e+02 2.520000000000000000e+02
3.145000000000000000e+02 2.531250000000000000e+02
3.140000000000000000e+02 2.540000000000000000e+02
3.135000000000000000e+02 2.546250000000000000e+02
3.130000000000000000e+02 2.550000000000000000e+02
3.130000000000000000e+02 2.550000000000000000e+02
3.126250000000000000e+02 2.555000000000000000e+02
3.120000000000000000e+02 2.560000000000000000e+02
3.111250000000000000e+02 2.565000000000000000e+02
3.100000000000000000e+02 2.570000000000000000e+02
3.100000000000000000e+02 2.570000000000000000e+02
3.096250000000000000e+02 2.581250000000000000e+02
3.090000000000000000e+02 2.590000000000000000e+02
3.081250000000000000e+02 2.596250000000000000e+02
3.070000000000000000e+02 2.600000000000000000e+02
3.070000000000000000e+02 2.600000000000000000e+02
3.066250000000000000e+02 2.605000000000000000e+02
3.060000000000000000e+02 2.610000000000000000e+02
3.051250000000000000e+02 2.615000000000000000e+02
3.040000000000000000e+02 2.620000000000000000e+02
3.040000000000000000e+02 2.620000000000000000e+02
3.035000000000000000e+02 2.625000000000000000e+02
3.030000000000000000e+02 2.630000000000000000e+02
3.025000000000000000e+02 2.635000000000000000e+02
3.020000000000000000e+02 2.640000000000000000e+02
3.020000000000000000e+02 2.640000000000000000e+02
3.015000000000000000e+02 2.643750000000000000e+02
3.010000000000000000e+02 2.650000000000000000e+02
3.005000000000000000e+02 2.658750000000000000e+02
3.000000000000000000e+02 2.670000000000000000e+02
3.000000000000000000e+02 2.670000000000000000e+02
2.996250000000000000e+02 2.681250000000000000e+02
2.990000000000000000e+02 2.690000000000000000e+02
2.981250000000000000e+02 2.696250000000000000e+02
2.970000000000000000e+02 2.700000000000000000e+02
2.970000000000000000e+02 2.700000000000000000e+02
2.966250000000000000e+02 2.705000000000000000e+02
2.960000000000000000e+02 2.710000000000000000e+02
2.951250000000000000e+02 2.715000000000000000e+02
2.940000000000000000e+02 2.720000000000000000e+02
2.940000000000000000e+02 2.720000000000000000e+02
2.936250000000000000e+02 2.731250000000000000e+02
2.930000000000000000e+02 2.740000000000000000e+02
2.921250000000000000e+02 2.746250000000000000e+02
2.910000000000000000e+02 2.750000000000000000e+02
2.910000000000000000e+02 2.750000000000000000e+02
2.905000000000000000e+02 2.755000000000000000e+02
2.900000000000000000e+02 2.760000000000000000e+02
2.895000000000000000e+02 2.765000000000000000e+02
2.890000000000000000e+02 2.770000000000000000e+02
2.890000000000000000e+02 2.770000000000000000e+02
2.886250000000000000e+02 2.775000000000000000e+02
2.880000000000000000e+02 2.780000000000000000e+02
2.871250000000000000e+02 2.785000000000000000e+02
2.860000000000000000e+02 2.790000000000000000e+02
2.860000000000000000e+02 2.790000000000000000e+02
2.855000000000000000e+02 2.795000000000000000e+02
2.850000000000000000e+02 2.800000000000000000e+02
2.845000000000000000e+02 2.805000000000000000e+02
2.840000000000000000e+02 2.810000000000000000e+02
2.840000000000000000e+02 2.810000000000000000e+02
2.828750000000000000e+02 2.815000000000000000e+02
2.820000000000000000e+02 2.820000000000000000e+02
2.813750000000000000e+02 2.825000000000000000e+02
2.810000000000000000e+02 2.830000000000000000e+02
2.810000000000000000e+02 2.830000000000000000e+02
2.806250000000000000e+02 2.836250000000000000e+02
2.800000000000000000e+02 2.840000000000000000e+02
2.791250000000000000e+02 2.841250000000000000e+02
2.780000000000000000e+02 2.840000000000000000e+02
2.780000000000000000e+02 2.840000000000000000e+02
2.768750000000000000e+02 2.845000000000000000e+02
2.760000000000000000e+02 2.850000000000000000e+02
2.753750000000000000e+02 2.855000000000000000e+02
2.750000000000000000e+02 2.860000000000000000e+02
2.750000000000000000e+02 2.860000000000000000e+02
2.738750000000000000e+02 2.858750000000000000e+02
2.730000000000000000e+02 2.860000000000000000e+02
2.723750000000000000e+02 2.863750000000000000e+02
2.720000000000000000e+02 2.870000000000000000e+02
2.720000000000000000e+02 2.870000000000000000e+02
2.715000000000000000e+02 2.875000000000000000e+02
2.710000000000000000e+02 2.880000000000000000e+02
2.705000000000000000e+02 2.885000000000000000e+02
2.700000000000000000e+02 2.890000000000000000e+02
2.700000000000000000e+02 2.890000000000000000e+02
2.690000000000000000e+02 2.888750000000000000e+02
2.680000000000000000e+02 2.890000000000000000e+02
2.670000000000000000e+02 2.893750000000000000e+02
2.660000000000000000e+02 2.900000000000000000e+02
2.660000000000000000e+02 2.900000000000000000e+02
2.650000000000000000e+02 2.898750000000000000e+02
2.640000000000000000e+02 2.900000000000000000e+02
2.630000000000000000e+02 2.903750000000000000e+02
2.620000000000000000e+02 2.910000000000000000e+02
2.620000000000000000e+02 2.910000000000000000e+02
2.608750000000000000e+02 2.908750000000000000e+02
2.600000000000000000e+02 2.910000000000000000e+02
2.593750000000000000e+02 2.913750000000000000e+02
2.590000000000000000e+02 2.920000000000000000e+02
2.590000000000000000e+02 2.920000000000000000e+02
2.585000000000000000e+02 2.925000000000000000e+02
2.580000000000000000e+02 2.930000000000000000e+02
2.575000000000000000e+02 2.935000000000000000e+02
2.570000000000000000e+02 2.940000000000000000e+02
2.570000000000000000e+02 2.940000000000000000e+02
2.560000000000000000e+02 2.945000000000000000e+02
2.550000000000000000e+02 2.950000000000000000e+02
2.540000000000000000e+02 2.955000000000000000e+02
2.530000000000000000e+02 2.960000000000000000e+02
2.530000000000000000e+02 2.960000000000000000e+02
2.520000000000000000e+02 2.958750000000000000e+02
2.510000000000000000e+02 2.960000000000000000e+02
2.500000000000000000e+02 2.963750000000000000e+02
2.490000000000000000e+02 2.970000000000000000e+02
2.490000000000000000e+02 2.970000000000000000e+02
2.486250000000000000e+02 2.975000000000000000e+02
2.480000000000000000e+02 2.980000000000000000e+02
2.471250000000000000e+02 2.985000000000000000e+02
2.460000000000000000e+02 2.990000000000000000e+02
2.460000000000000000e+02 2.990000000000000000e+02
2.450000000000000000e+02 2.988750000000000000e+02
2.440000000000000000e+02 2.990000000000000000e+02
2.430000000000000000e+02 2.993750000000000000e+02
2.420000000000000000e+02 3.000000000000000000e+02
2.420000000000000000e+02 3.000000000000000000e+02
2.410000000000000000e+02 3.006250000000000000e+02
2.400000000000000000e+02 3.010000000000000000e+02
2.390000000000000000e+02 3.011250000000000000e+02
2.380000000000000000e+02 3.010000000000000000e+02
2.380000000000000000e+02 3.010000000000000000e+02
2.375000000000000000e+02 3.015000000000000000e+02
2.370000000000000000e+02 3.020000000000000000e+02
2.365000000000000000e+02 3.025000000000000000e+02
2.360000000000000000e+02 3.030000000000000000e+02
2.360000000000000000e+02 3.030000000000000000e+02
2.356250000000000000e+02 3.036250000000000000e+02
2.350000000000000000e+02 3.040000000000000000e+02
2.341250000000000000e+02 3.041250000000000000e+02
2.330000000000000000e+02 3.040000000000000000e+02
2.330000000000000000e+02 3.040000000000000000e+02
2.325000000000000000e+02 3.045000000000000000e+02
2.320000000000000000e+02 3.050000000000000000e+02
2.315000000000000000e+02 3.055000000000000000e+02
2.310000000000000000e+02 3.060000000000000000e+02
