1.670000000000000000e+02 1.710000000000000000e+02
1.670330715759178588e+02 1.708664888231464261e+02
1.670661431518357176e+02 1.707329776462928521e+02
1.670992147277535764e+02 1.705994664694392782e+02
1.671322863036714352e+02 1.704659552925857042e+02
1.671322863036714352e+02 1.704659552925857042e+02
1.671656152498204619e+02 1.703314051025766673e+02
1.671989441959694886e+02 1.701968549125676304e+02
1.672342646545326943e+02 1.700542649131827773e+02
1.672732642324347410e+02 1.698968221727633647e+02
1.672732642324347410e+02 1.698968221727633647e+02
1.673122638103367876e+02 1.697393794323439522e+02
1.673475842688999933e+02 1.695967894329590990e+02
1.673809132150490200e+02 1.694622392429500621e+02
1.674142421611980467e+02 1.693276890529410252e+02
1.674142421611980467e+02 1.693276890529410252e+02
1.674516766433307282e+02 1.691765646621091435e+02
1.674809080628257902e+02 1.690585563389624326e+02
1.675050129088587596e+02 1.689612441827552516e+02
1.675291177548917290e+02 1.688639320265480706e+02
1.675291177548917290e+02 1.688639320265480706e+02
1.675698324109537793e+02 1.686995654520754044e+02
1.676031613571028061e+02 1.685650152620663675e+02
1.676296315332690199e+02 1.684581541805064546e+02
1.676503012682176745e+02 1.683747096949729780e+02
1.676503012682176745e+02 1.683747096949729780e+02
1.676736864038137185e+02 1.682803030364556207e+02
1.676970715394097624e+02 1.681858963779382634e+02
1.677204566750058063e+02 1.680914897194209061e+02
1.677438418106018503e+02 1.679970830609035488e+02
1.677438418106018503e+02 1.679970830609035488e+02
1.677808169565395531e+02 1.678478130273032320e+02
1.678177921024772559e+02 1.676985429937029153e+02
1.678547672484149587e+02 1.675492729601025985e+02
1.678917423943526614e+02 1.674000029265022818e+02
1.678917423943526614e+02 1.674000029265022818e+02
1.679124121293013161e+02 1.673165584409688051e+02
1.679388823054675299e+02 1.672096973594088922e+02
1.679722112516165566e+02 1.670751471693998553e+02
1.680129259076786070e+02 1.669107805949271892e+02
1.680129259076786070e+02 1.669107805949271892e+02
1.680521439723204651e+02 1.667524558154471208e+02
1.680877055289628572e+02 1.666088924941871028e+02
1.681232670856052493e+02 1.664653291729270848e+02
1.681624851502471074e+02 1.663070043934470164e+02
1.681624851502471074e+02 1.663070043934470164e+02
1.681858702858431514e+02 1.662125977349296591e+02
1.682092554214391953e+02 1.661181910764123018e+02
1.682326405570352392e+02 1.660237844178949445e+02
1.682560256926312832e+02 1.659293777593775872e+02
1.682560256926312832e+02 1.659293777593775872e+02
1.682794108282273271e+02 1.658349711008602299e+02
1.683027959638233710e+02 1.657405644423428726e+02
1.683261810994194150e+02 1.656461577838255153e+02
1.683495662350154589e+02 1.655517511253081580e+02
1.683495662350154589e+02 1.655517511253081580e+02
1.683702359699641136e+02 1.654683066397746813e+02
1.683967061461303274e+02 1.653614455582147684e+02
1.684300350922793541e+02 1.652268953682057315e+02
1.684707497483414045e+02 1.650625287937330654e+02
1.684707497483414045e+02 1.650625287937330654e+02
1.685038213242592633e+02 1.649290176168794915e+02
1.685368929001771221e+02 1.647955064400259175e+02
1.685699644760949809e+02 1.646619952631723436e+02
1.686030360520128397e+02 1.645284840863187696e+02
1.686030360520128397e+02 1.645284840863187696e+02
1.686361076279306985e+02 1.643949729094651957e+02
1.686691792038485573e+02 1.642614617326116218e+02
1.687022507797664161e+02 1.641279505557580478e+02
1.687353223556842750e+02 1.639944393789044739e+02
1.687353223556842750e+02 1.639944393789044739e+02
1.687683939316021338e+02 1.638609282020508999e+02
1.688014655075199926e+02 1.637274170251973260e+02
1.688345370834378514e+02 1.635939058483437520e+02
1.688676086593557102e+02 1.634603946714901781e+02
1.688676086593557102e+02 1.634603946714901781e+02
1.689006802352735690e+02 1.633268834946366042e+02
1.689337518111914278e+02 1.631933723177830302e+02
1.689668233871092866e+02 1.630598611409294563e+02
1.689998949630271454e+02 1.629263499640758823e+02
1.689998949630271454e+02 1.629263499640758823e+02
1.690329665389450042e+02 1.627928387872223084e+02
1.690660381148628630e+02 1.626593276103687344e+02
1.690991096907807218e+02 1.625258164335151605e+02
1.691321812666985807e+02 1.623923052566615866e+02
1.691321812666985807e+02 1.623923052566615866e+02
1.691652528426164395e+02 1.622587940798080126e+02
1.691983244185342983e+02 1.621252829029544387e+02
1.692313959944521571e+02 1.619917717261008647e+02
1.692644675703700159e+02 1.618582605492472908e+02
1.692644675703700159e+02 1.618582605492472908e+02
1.692975391462878747e+02 1.617247493723937168e+02
1.693306107222057335e+02 1.615912381955401429e+02
1.693636822981235923e+02 1.614577270186865690e+02
1.693967538740414511e+02 1.613242158418329950e+02
1.693967538740414511e+02 1.613242158418329950e+02
1.694298254499593099e+02 1.611907046649794211e+02
1.694628970258771687e+02 1.610571934881258471e+02
1.694959686017950276e+02 1.609236823112722732e+02
1.695290401777128864e+02 1.607901711344186992e+02
1.695290401777128864e+02 1.607901711344186992e+02
1.695623691238619131e+02 1.606556209444096623e+02
1.695956980700109398e+02 1.605210707544006254e+02
1.696310185285741454e+02 1.603784807550157723e+02
1.696700181064761921e+02 1.602210380145963597e+02
1.696700181064761921e+02 1.602210380145963597e+02
1.696934032420722360e+02 1.601266313560790024e+02
1.697167883776682800e+02 1.600322246975616451e+02
1.697401735132643239e+02 1.599378180390442878e+02
1.697635586488603678e+02 1.598434113805269305e+02
1.697635586488603678e+02 1.598434113805269305e+02
1.698025582267624145e+02 1.596859686401075180e+02
1.698378786853256202e+02 1.595433786407226648e+02
1.698712076314746469e+02 1.594088284507136279e+02
1.699045365776236736e+02 1.592742782607045910e+02
1.699045365776236736e+02 1.592742782607045910e+02
1.699435361555257202e+02 1.591168355202851785e+02
1.699788566140889259e+02 1.589742455209003253e+02
1.700121855602379526e+02 1.588396953308912884e+02
1.700455145063869793e+02 1.587051451408822516e+02
1.700455145063869793e+02 1.587051451408822516e+02
1.700688996419830232e+02 1.586107384823648943e+02
1.700922847775790672e+02 1.585163318238475370e+02
1.701156699131751111e+02 1.584219251653301797e+02
1.701390550487711550e+02 1.583275185068128224e+02
1.701390550487711550e+02 1.583275185068128224e+02
1.701780546266732017e+02 1.581700757663934098e+02
1.702133750852364074e+02 1.580274857670085566e+02
1.702467040313854341e+02 1.578929355769995198e+02
1.702800329775344608e+02 1.577583853869904829e+02
1.702800329775344608e+02 1.577583853869904829e+02
1.703007027124831154e+02 1.576749409014570062e+02
1.703271728886493293e+02 1.575680798198970933e+02
1.703605018347983560e+02 1.574335296298880564e+02
1.704012164908604063e+02 1.572691630554153903e+02
1.704012164908604063e+02 1.572691630554153903e+02
1.704218862258090610e+02 1.571857185698819137e+02
1.704483564019752748e+02 1.570788574883220008e+02
1.704816853481243015e+02 1.569443072983129639e+02
1.705224000041863519e+02 1.567799407238402978e+02
1.705224000041863519e+02 1.567799407238402978e+02
1.705655596778507572e+02 1.566057035227507015e+02
1.705978468359875251e+02 1.564753590695318621e+02
1.706279424243492429e+02 1.563538620646642130e+02
1.706660555324051813e+02 1.561999980358458231e+02
1.706660555324051813e+02 1.561999980358458231e+02
1.706894406680012253e+02 1.561055913773284658e+02
1.707128258035972692e+02 1.560111847188111085e+02
1.707362109391933132e+02 1.559167780602937512e+02
1.707595960747893571e+02 1.558223714017763939e+02
1.707595960747893571e+02 1.558223714017763939e+02
1.708027557484537624e+02 1.556481342006867976e+02
1.708350429065905303e+02 1.555177897474679583e+02
1.708651384949522480e+02 1.553962927426003091e+02
1.709032516030081865e+02 1.552424287137819192e+02
1.709032516030081865e+02 1.552424287137819192e+02
1.709363231789260453e+02 1.551089175369283453e+02
1.709693947548439041e+02 1.549754063600747713e+02
1.710024663307617629e+02 1.548418951832211974e+02
1.710355379066796218e+02 1.547083840063676234e+02
1.710355379066796218e+02 1.547083840063676234e+02
1.710729723888123033e+02 1.545572596155357417e+02
1.711022038083073653e+02 1.544392512923890308e+02
1.711263086543403347e+02 1.543419391361818498e+02
1.711504135003733040e+02 1.542446269799746688e+02
1.711504135003733040e+02 1.542446269799746688e+02
1.711834850762911628e+02 1.541111158031210948e+02
1.712165566522090216e+02 1.539776046262675209e+02
1.712496282281268805e+02 1.538440934494139469e+02
1.712826998040447393e+02 1.537105822725603730e+02
1.712826998040447393e+02 1.537105822725603730e+02
1.713157713799625981e+02 1.535770710957067990e+02
1.713488429558804569e+02 1.534435599188532251e+02
1.713819145317983157e+02 1.533100487419996512e+02
1.714149861077161745e+02 1.531765375651460772e+02
1.714149861077161745e+02 1.531765375651460772e+02
1.714480576836340333e+02 1.530430263882925033e+02
1.714811292595518921e+02 1.529095152114389293e+02
1.715142008354697509e+02 1.527760040345853554e+02
1.715472724113876097e+02 1.526424928577317814e+02
1.715472724113876097e+02 1.526424928577317814e+02
1.715765038308826718e+02 1.525244845345850706e+02
1.716139383130153533e+02 1.523733601437531888e+02
1.716610725606789174e+02 1.521830774402225472e+02
1.717186517794692122e+02 1.519506280014024924e+02
1.717186517794692122e+02 1.519506280014024924e+02
1.717709425323250230e+02 1.517395282954290678e+02
1.718232332851808337e+02 1.515284285894556433e+02
1.718755240380366445e+02 1.513173288834822188e+02
1.719278147908924552e+02 1.511062291775087942e+02
1.719278147908924552e+02 1.511062291775087942e+02
1.719611437370414819e+02 1.509716789874997573e+02
1.719944726831905086e+02 1.508371287974907204e+02
1.720297931417537143e+02 1.506945387981058673e+02
1.720687927196557609e+02 1.505370960576864547e+02
1.720687927196557609e+02 1.505370960576864547e+02
1.720894624546044156e+02 1.504536515721529781e+02
1.721159326307706294e+02 1.503467904905930652e+02
1.721492615769196561e+02 1.502122403005840283e+02
1.721899762329817065e+02 1.500478737261113622e+02
1.721899762329817065e+02 1.500478737261113622e+02
1.722289758108837532e+02 1.498904309856919497e+02
1.722642962694469588e+02 1.497478409863070965e+02
1.722976252155959855e+02 1.496132907962980596e+02
1.723309541617450122e+02 1.494787406062890227e+02
1.723309541617450122e+02 1.494787406062890227e+02
1.723716688178070626e+02 1.493143740318163566e+02
1.724049977639560893e+02 1.491798238418073197e+02
1.724314679401223032e+02 1.490729627602474068e+02
1.724521376750709578e+02 1.489895182747139302e+02
1.724521376750709578e+02 1.489895182747139302e+02
1.724755228106670017e+02 1.488951116161965729e+02
1.724989079462630457e+02 1.488007049576792156e+02
1.725222930818590896e+02 1.487062982991618583e+02
1.725456782174551336e+02 1.486118916406445010e+02
1.725456782174551336e+02 1.486118916406445010e+02
1.725831126995878151e+02 1.484607672498126192e+02
1.726123441190828771e+02 1.483427589266659083e+02
1.726364489651158465e+02 1.482454467704587273e+02
1.726605538111488158e+02 1.481481346142515463e+02
1.726605538111488158e+02 1.481481346142515463e+02
1.727012684672108662e+02 1.479837680397788802e+02
1.727345974133598929e+02 1.478492178497698433e+02
1.727610675895261068e+02 1.477423567682099304e+02
1.727817373244747614e+02 1.476589122826764537e+02
1.727817373244747614e+02 1.476589122826764537e+02
1.728248969981391667e+02 1.474846750815868575e+02
1.728571841562759346e+02 1.473543306283680181e+02
1.728872797446376524e+02 1.472328336235003690e+02
1.729253928526935908e+02 1.470789695946819791e+02
1.729253928526935908e+02 1.470789695946819791e+02
1.729623679986312936e+02 1.469296995610816623e+02
1.729993431445689964e+02 1.467804295274813455e+02
1.730363182905066992e+02 1.466311594938810288e+02
1.730732934364444020e+02 1.464818894602807120e+02
1.730732934364444020e+02 1.464818894602807120e+02
1.730966785720404459e+02 1.463874828017633547e+02
1.731200637076364899e+02 1.462930761432459974e+02
1.731434488432325338e+02 1.461986694847286401e+02
1.731668339788285778e+02 1.461042628262112828e+02
1.731668339788285778e+02 1.461042628262112828e+02
1.731902191144246217e+02 1.460098561676939255e+02
1.732136042500206656e+02 1.459154495091765682e+02
1.732369893856167096e+02 1.458210428506592109e+02
1.732603745212127535e+02 1.457266361921418536e+02
1.732603745212127535e+02 1.457266361921418536e+02
1.732844793672457229e+02 1.456293240359346726e+02
1.733085842132786922e+02 1.455320118797274915e+02
1.733378156327737543e+02 1.454140035565807807e+02
1.733752501149064358e+02 1.452628791657488989e+02
1.733752501149064358e+02 1.452628791657488989e+02
1.734159647709684862e+02 1.450985125912762328e+02
1.734492937171175129e+02 1.449639624012671959e+02
1.734757638932837267e+02 1.448571013197072830e+02
1.734964336282323814e+02 1.447736568341738064e+02
1.734964336282323814e+02 1.447736568341738064e+02
1.735171033631810360e+02 1.446902123486403298e+02
1.735435735393472498e+02 1.445833512670804168e+02
1.735769024854962765e+02 1.444488010770713800e+02
1.736176171415583269e+02 1.442844345025987138e+02
1.736176171415583269e+02 1.442844345025987138e+02
1.736468485610533889e+02 1.441664261794520030e+02
1.736842830431860705e+02 1.440153017886201212e+02
1.737314172908496346e+02 1.438250190850894796e+02
1.737889965096399294e+02 1.435925696462694248e+02
1.737889965096399294e+02 1.435925696462694248e+02
1.738220680855577882e+02 1.434590584694158508e+02
1.738551396614756470e+02 1.433255472925622769e+02
1.738882112373935058e+02 1.431920361157087029e+02
1.739212828133113646e+02 1.430585249388551290e+02
1.739212828133113646e+02 1.430585249388551290e+02
1.739619974693734150e+02 1.428941583643824629e+02
1.739953264155224417e+02 1.427596081743734260e+02
1.740217965916886556e+02 1.426527470928135131e+02
1.740424663266373102e+02 1.425693026072800365e+02
1.740424663266373102e+02 1.425693026072800365e+02
1.740665711726702796e+02 1.424719904510728554e+02
1.740906760187032489e+02 1.423746782948656744e+02
1.741199074381983110e+02 1.422566699717189636e+02
1.741573419203309925e+02 1.421055455808870818e+02
1.741573419203309925e+02 1.421055455808870818e+02
1.741904134962488513e+02 1.419720344040335078e+02
1.742234850721667101e+02 1.418385232271799339e+02
1.742565566480845689e+02 1.417050120503263599e+02
1.742896282240024277e+02 1.415715008734727860e+02
1.742896282240024277e+02 1.415715008734727860e+02
1.743226997999202865e+02 1.414379896966192121e+02
1.743557713758381453e+02 1.413044785197656381e+02
1.743888429517560041e+02 1.411709673429120642e+02
1.744219145276738629e+02 1.410374561660584902e+02
1.744219145276738629e+02 1.410374561660584902e+02
1.744549861035917218e+02 1.409039449892049163e+02
1.744880576795095806e+02 1.407704338123513423e+02
1.745211292554274394e+02 1.406369226354977684e+02
1.745542008313452982e+02 1.405034114586441945e+02
1.745542008313452982e+02 1.405034114586441945e+02
1.745872724072631570e+02 1.403699002817906205e+02
1.746203439831810158e+02 1.402363891049370466e+02
1.746534155590988746e+02 1.401028779280834726e+02
1.746864871350167334e+02 1.399693667512298987e+02
1.746864871350167334e+02 1.399693667512298987e+02
1.747195587109345922e+02 1.398358555743763247e+02
1.747526302868524510e+02 1.397023443975227508e+02
1.747857018627703098e+02 1.395688332206691769e+02
1.748187734386881687e+02 1.394353220438156029e+02
1.748187734386881687e+02 1.394353220438156029e+02
1.748518450146060275e+02 1.393018108669620290e+02
1.748849165905238863e+02 1.391682996901084550e+02
1.749179881664417451e+02 1.390347885132548811e+02
1.749510597423596039e+02 1.389012773364013071e+02
1.749510597423596039e+02 1.389012773364013071e+02
1.749841313182774627e+02 1.387677661595477332e+02
1.750172028941953215e+02 1.386342549826941593e+02
1.750502744701131803e+02 1.385007438058405853e+02
1.750833460460310391e+02 1.383672326289870114e+02
1.750833460460310391e+02 1.383672326289870114e+02
1.751164176219488979e+02 1.382337214521334374e+02
1.751494891978667567e+02 1.381002102752798635e+02
1.751825607737846155e+02 1.379666990984262895e+02
1.752156323497024744e+02 1.378331879215727156e+02
1.752156323497024744e+02 1.378331879215727156e+02
1.752530668318351559e+02 1.376820635307408338e+02
1.752822982513302179e+02 1.375640552075941230e+02
1.753064030973631873e+02 1.374667430513869419e+02
1.753305079433961566e+02 1.373694308951797609e+02
1.753305079433961566e+02 1.373694308951797609e+02
1.753546127894291260e+02 1.372721187389725799e+02
1.753787176354620954e+02 1.371748065827653988e+02
1.754079490549571574e+02 1.370567982596186880e+02
1.754453835370898389e+02 1.369056738687868062e+02
1.754453835370898389e+02 1.369056738687868062e+02
1.754694883831228083e+02 1.368083617125796252e+02
1.754935932291557776e+02 1.367110495563724442e+02
1.755228246486508397e+02 1.365930412332257333e+02
1.755602591307835212e+02 1.364419168423938515e+02
1.755602591307835212e+02 1.364419168423938515e+02
1.756009737868455716e+02 1.362775502679211854e+02
1.756343027329945983e+02 1.361430000779121485e+02
1.756607729091608121e+02 1.360361389963522356e+02
1.756814426441094668e+02 1.359526945108187590e+02
1.756814426441094668e+02 1.359526945108187590e+02
1.757055474901424361e+02 1.358553823546115780e+02
1.757296523361754055e+02 1.357580701984043969e+02
1.757588837556704675e+02 1.356400618752576861e+02
1.757963182378031490e+02 1.354889374844258043e+02
1.757963182378031490e+02 1.354889374844258043e+02
1.758337527199358306e+02 1.353378130935939225e+02
1.758629841394308926e+02 1.352198047704472117e+02
1.758870889854638619e+02 1.351224926142400307e+02
1.759111938314968313e+02 1.350251804580328496e+02
1.759111938314968313e+02 1.350251804580328496e+02
1.759442654074146901e+02 1.348916692811792757e+02
1.759773369833325489e+02 1.347581581043257017e+02
1.760104085592504077e+02 1.346246469274721278e+02
1.760434801351682665e+02 1.344911357506185539e+02
1.760434801351682665e+02 1.344911357506185539e+02
1.760815932432242050e+02 1.343372717218001640e+02
1.761197063512801435e+02 1.341834076929817741e+02
1.761659252837022507e+02 1.339968201509813923e+02
1.762251143969862994e+02 1.337578715084642624e+02
1.762251143969862994e+02 1.337578715084642624e+02
1.762457841319349541e+02 1.336744270229307858e+02
1.762722543081011679e+02 1.335675659413708729e+02
1.763055832542501946e+02 1.334330157513618360e+02
1.763462979103122450e+02 1.332686491768891699e+02
1.763462979103122450e+02 1.332686491768891699e+02
1.763669676452608996e+02 1.331852046913556933e+02
1.763934378214271135e+02 1.330783436097957804e+02
1.764267667675761402e+02 1.329437934197867435e+02
1.764674814236381906e+02 1.327794268453140774e+02
1.764674814236381906e+02 1.327794268453140774e+02
1.765044565695758934e+02 1.326301568117137606e+02
1.765414317155135961e+02 1.324808867781134438e+02
1.765784068614512989e+02 1.323316167445131271e+02
1.766153820073890017e+02 1.321823467109128103e+02
1.766153820073890017e+02 1.321823467109128103e+02
1.766394868534219711e+02 1.320850345547056293e+02
1.766635916994549405e+02 1.319877223984984482e+02
1.766928231189500025e+02 1.318697140753517374e+02
1.767302576010826840e+02 1.317185896845198556e+02
1.767302576010826840e+02 1.317185896845198556e+02
1.767536427366787279e+02 1.316241830260024983e+02
1.767770278722747719e+02 1.315297763674851410e+02
1.768004130078708158e+02 1.314353697089677837e+02
1.768237981434668598e+02 1.313409630504504264e+02
1.768237981434668598e+02 1.313409630504504264e+02
1.768479029894998291e+02 1.312436508942432454e+02
1.768720078355327985e+02 1.311463387380360643e+02
1.769012392550278605e+02 1.310283304148893535e+02
1.769386737371605420e+02 1.308772060240574717e+02
1.769386737371605420e+02 1.308772060240574717e+02
1.769776733150625887e+02 1.307197632836380592e+02
1.770129937736257943e+02 1.305771732842532060e+02
1.770463227197748211e+02 1.304426230942441691e+02
1.770796516659238478e+02 1.303080729042351322e+02
1.770796516659238478e+02 1.303080729042351322e+02
1.771203663219858981e+02 1.301437063297624661e+02
1.771536952681349248e+02 1.300091561397534292e+02
1.771801654443011387e+02 1.299022950581935163e+02
1.772008351792497933e+02 1.298188505726600397e+02
1.772008351792497933e+02 1.298188505726600397e+02
1.772215049141984480e+02 1.297354060871265631e+02
1.772479750903646618e+02 1.296285450055666502e+02
1.772813040365136885e+02 1.294939948155576133e+02
1.773220186925757389e+02 1.293296282410849471e+02
1.773220186925757389e+02 1.293296282410849471e+02
1.773461235386087083e+02 1.292323160848777661e+02
1.773702283846416776e+02 1.291350039286705851e+02
1.773994598041367396e+02 1.290169956055238742e+02
1.774368942862694212e+02 1.288658712146919925e+02
1.774368942862694212e+02 1.288658712146919925e+02
1.774738694322071240e+02 1.287166011810916757e+02
1.775108445781448268e+02 1.285673311474913589e+02
1.775478197240825295e+02 1.284180611138910422e+02
1.775847948700202323e+02 1.282687910802907254e+02
1.775847948700202323e+02 1.282687910802907254e+02
1.776081800056162763e+02 1.281743844217733681e+02
1.776315651412123202e+02 1.280799777632560108e+02
1.776549502768083642e+02 1.279855711047386535e+02
1.776783354124044081e+02 1.278911644462212962e+02
1.776783354124044081e+02 1.278911644462212962e+02
1.777017205480004520e+02 1.277967577877039389e+02
1.777251056835964960e+02 1.277023511291865816e+02
1.777484908191925399e+02 1.276079444706692243e+02
1.777718759547885838e+02 1.275135378121518670e+02
1.777718759547885838e+02 1.275135378121518670e+02
1.778093104369212654e+02 1.273624134213199710e+02
1.778385418564163274e+02 1.272444050981732602e+02
1.778626467024492968e+02 1.271470929419660791e+02
1.778867515484822661e+02 1.270497807857588981e+02
1.778867515484822661e+02 1.270497807857588981e+02
1.779198231244001249e+02 1.269162696089053100e+02
1.779528947003179837e+02 1.267827584320517218e+02
1.779859662762358425e+02 1.266492472551981336e+02
1.780190378521537014e+02 1.265157360783445455e+02
1.780190378521537014e+02 1.265157360783445455e+02
1.780521094280715602e+02 1.263822249014909573e+02
1.780851810039894190e+02 1.262487137246373692e+02
1.781182525799072778e+02 1.261152025477837810e+02
1.781513241558251366e+02 1.259816913709301929e+02
1.781513241558251366e+02 1.259816913709301929e+02
1.781903237337271833e+02 1.258242486305107661e+02
1.782256441922903889e+02 1.256816586311259272e+02
1.782589731384394156e+02 1.255471084411168903e+02
1.782923020845884423e+02 1.254125582511078534e+02
1.782923020845884423e+02 1.254125582511078534e+02
1.783253736605063011e+02 1.252790470742542652e+02
1.783584452364241599e+02 1.251455358974006771e+02
1.783915168123420187e+02 1.250120247205470889e+02
1.784245883882598775e+02 1.248785135436935008e+02
1.784245883882598775e+02 1.248785135436935008e+02
1.784486932342928469e+02 1.247812013874863197e+02
1.784727980803258163e+02 1.246838892312791387e+02
1.785020294998208783e+02 1.245658809081324279e+02
1.785394639819535598e+02 1.244147565173005319e+02
1.785394639819535598e+02 1.244147565173005319e+02
1.785725355578714186e+02 1.242812453404469437e+02
1.786056071337892774e+02 1.241477341635933556e+02
1.786386787097071362e+02 1.240142229867397674e+02
1.786717502856249951e+02 1.238807118098861793e+02
1.786717502856249951e+02 1.238807118098861793e+02
1.787009817051200571e+02 1.237627034867394684e+02
1.787384161872527386e+02 1.236115790959075724e+02
1.787855504349163027e+02 1.234212963923769308e+02
1.788431296537065975e+02 1.231888469535568760e+02
1.788431296537065975e+02 1.231888469535568760e+02
1.788762012296244563e+02 1.230553357767032878e+02
1.789092728055423152e+02 1.229218245998496997e+02
1.789423443814601740e+02 1.227883134229961115e+02
1.789754159573780328e+02 1.226548022461425234e+02
1.789754159573780328e+02 1.226548022461425234e+02
1.790087449035270595e+02 1.225202520561334865e+02
1.790420738496760862e+02 1.223857018661244496e+02
1.790773943082392918e+02 1.222431118667396106e+02
1.791163938861413385e+02 1.220856691263201839e+02
1.791163938861413385e+02 1.220856691263201839e+02
1.791370636210899931e+02 1.220022246407866930e+02
1.791635337972562070e+02 1.218953635592267801e+02
1.791968627434052337e+02 1.217608133692177432e+02
1.792375773994672841e+02 1.215964467947450771e+02
1.792375773994672841e+02 1.215964467947450771e+02
1.792616822455002534e+02 1.214991346385378961e+02
1.792857870915332228e+02 1.214018224823307150e+02
1.793150185110282848e+02 1.212838141591840042e+02
1.793524529931609663e+02 1.211326897683521082e+02
1.793524529931609663e+02 1.211326897683521082e+02
1.793857819393099930e+02 1.209981395783430713e+02
1.794191108854590198e+02 1.208635893883340344e+02
1.794544313440222254e+02 1.207209993889491955e+02
1.794934309219242721e+02 1.205635566485297687e+02
1.794934309219242721e+02 1.205635566485297687e+02
1.795226623414193341e+02 1.204455483253830579e+02
1.795600968235520156e+02 1.202944239345511619e+02
1.796072310712155797e+02 1.201041412310205203e+02
1.796648102900058745e+02 1.198716917922004654e+02
1.796648102900058745e+02 1.198716917922004654e+02
1.797038098679079212e+02 1.197142490517810387e+02
1.797391303264711269e+02 1.195716590523961997e+02
1.797724592726201536e+02 1.194371088623871628e+02
1.798057882187691803e+02 1.193025586723781259e+02
1.798057882187691803e+02 1.193025586723781259e+02
1.798291733543652242e+02 1.192081520138607686e+02
1.798525584899612682e+02 1.191137453553434113e+02
1.798759436255573121e+02 1.190193386968260540e+02
1.798993287611533560e+02 1.189249320383086967e+02
1.798993287611533560e+02 1.189249320383086967e+02
1.799555565192188737e+02 1.186979384964886322e+02
1.800039431281805093e+02 1.185025999640138537e+02
1.800446577842425597e+02 1.183382333895411875e+02
1.800779867303915864e+02 1.182036831995321506e+02
1.800779867303915864e+02 1.182036831995321506e+02
1.800986564653402411e+02 1.181202387139986598e+02
1.801251266415064549e+02 1.180133776324387469e+02
1.801584555876554816e+02 1.178788274424297100e+02
1.801991702437175320e+02 1.177144608679570439e+02
1.801991702437175320e+02 1.177144608679570439e+02
1.802225553793135759e+02 1.176200542094396866e+02
1.802459405149096199e+02 1.175256475509223293e+02
1.802693256505056638e+02 1.174312408924049720e+02
1.802927107861017078e+02 1.173368342338876147e+02
1.802927107861017078e+02 1.173368342338876147e+02
1.803168156321346771e+02 1.172395220776804337e+02
1.803409204781676465e+02 1.171422099214732526e+02
1.803701518976627085e+02 1.170242015983265418e+02
1.804075863797953900e+02 1.168730772074946458e+02
1.804075863797953900e+02 1.168730772074946458e+02
1.804260739527642272e+02 1.167984421906944874e+02
1.804558842684472779e+02 1.166780968421962115e+02
1.805004082401346182e+02 1.164983519194584574e+02
1.805605994168580537e+02 1.162553579097231449e+02
1.805605994168580537e+02 1.162553579097231449e+02
1.805839845524540976e+02 1.161609512512057876e+02
1.806073696880501416e+02 1.160665445926884303e+02
1.806307548236461855e+02 1.159721379341710730e+02
1.806541399592422295e+02 1.158777312756537157e+02
1.806541399592422295e+02 1.158777312756537157e+02
1.806931395371442761e+02 1.157202885352342889e+02
1.807284599957074818e+02 1.155776985358494500e+02
1.807617889418565085e+02 1.154431483458404131e+02
1.807951178880055352e+02 1.153085981558313762e+02
1.807951178880055352e+02 1.153085981558313762e+02
1.808185030236015791e+02 1.152141914973140189e+02
1.808418881591976231e+02 1.151197848387966616e+02
1.808652732947936670e+02 1.150253781802793043e+02
1.808886584303897109e+02 1.149309715217619470e+02
1.808886584303897109e+02 1.149309715217619470e+02
1.809120435659857549e+02 1.148365648632445897e+02
1.809354287015817988e+02 1.147421582047272324e+02
1.809588138371778427e+02 1.146477515462098751e+02
1.809821989727738867e+02 1.145533448876925178e+02
1.809821989727738867e+02 1.145533448876925178e+02
1.810229136288359371e+02 1.143889783132198517e+02
1.810562425749849638e+02 1.142544281232108148e+02
1.810827127511511776e+02 1.141475670416509018e+02
1.811033824860998322e+02 1.140641225561174110e+02
1.811033824860998322e+02 1.140641225561174110e+02
1.811326139055948943e+02 1.139461142329707002e+02
1.811700483877275758e+02 1.137949898421388042e+02
1.812171826353911399e+02 1.136047071386081626e+02
1.812747618541814347e+02 1.133722576997881077e+02
1.812747618541814347e+02 1.133722576997881077e+02
1.812981469897774787e+02 1.132778510412707504e+02
1.813215321253735226e+02 1.131834443827533931e+02
1.813449172609695665e+02 1.130890377242360358e+02
1.813683023965656105e+02 1.129946310657186785e+02
1.813683023965656105e+02 1.129946310657186785e+02
1.814073019744676571e+02 1.128371883252992518e+02
1.814426224330308628e+02 1.126945983259144128e+02
1.814759513791798895e+02 1.125600481359053759e+02
1.815092803253289162e+02 1.124254979458963390e+02
1.815092803253289162e+02 1.124254979458963390e+02
1.815423519012467750e+02 1.122919867690427509e+02
1.815754234771646338e+02 1.121584755921891627e+02
1.816084950530824926e+02 1.120249644153355746e+02
1.816415666290003514e+02 1.118914532384819864e+02
1.816415666290003514e+02 1.118914532384819864e+02
1.816656714750333208e+02 1.117941410822748054e+02
1.816897763210662902e+02 1.116968289260676244e+02
1.817190077405613522e+02 1.115788206029209135e+02
1.817564422226940337e+02 1.114276962120890175e+02
1.817564422226940337e+02 1.114276962120890175e+02
1.817938767048267152e+02 1.112765718212571215e+02
1.818231081243217773e+02 1.111585634981104107e+02
1.818472129703547466e+02 1.110612513419032297e+02
1.818713178163877160e+02 1.109639391856960486e+02
1.818713178163877160e+02 1.109639391856960486e+02
1.818954226624206854e+02 1.108666270294888676e+02
1.819195275084536547e+02 1.107693148732816866e+02
1.819487589279487167e+02 1.106513065501349757e+02
1.819861934100813983e+02 1.105001821593030797e+02
1.819861934100813983e+02 1.105001821593030797e+02
1.820437726288716931e+02 1.102677327204830249e+02
1.820909068765352572e+02 1.100774500169523833e+02
1.821283413586679387e+02 1.099263256261204873e+02
1.821575727781630007e+02 1.098083173029737765e+02
1.821575727781630007e+02 1.098083173029737765e+02
1.822151519969532956e+02 1.095758678641537216e+02
1.822622862446168597e+02 1.093855851606230800e+02
1.822997207267495412e+02 1.092344607697911840e+02
1.823289521462446032e+02 1.091164524466444732e+02
1.823289521462446032e+02 1.091164524466444732e+02
1.823620237221624620e+02 1.089829412697908850e+02
1.823950952980803208e+02 1.088494300929372969e+02
1.824281668739981797e+02 1.087159189160837087e+02
1.824612384499160385e+02 1.085824077392301206e+02
1.824612384499160385e+02 1.085824077392301206e+02
1.824943100258338973e+02 1.084488965623765324e+02
1.825273816017517561e+02 1.083153853855229443e+02
1.825604531776696149e+02 1.081818742086693561e+02
1.825935247535874737e+02 1.080483630318157680e+02
1.825935247535874737e+02 1.080483630318157680e+02
1.826265963295053325e+02 1.079148518549621798e+02
1.826596679054231913e+02 1.077813406781085916e+02
1.826927394813410501e+02 1.076478295012550035e+02
1.827258110572589089e+02 1.075143183244014153e+02
1.827258110572589089e+02 1.075143183244014153e+02
1.827588826331767677e+02 1.073808071475478272e+02
1.827919542090946265e+02 1.072472959706942390e+02
1.828250257850124854e+02 1.071137847938406509e+02
1.828580973609303442e+02 1.069802736169870627e+02
1.828580973609303442e+02 1.069802736169870627e+02
1.828822022069633135e+02 1.068829614607798817e+02
1.829063070529962829e+02 1.067856493045727007e+02
1.829355384724913449e+02 1.066676409814259898e+02
1.829729729546240264e+02 1.065165165905940938e+02
1.829729729546240264e+02 1.065165165905940938e+02
1.830331641313474620e+02 1.062735225808587813e+02
1.830776881030348022e+02 1.060937776581210272e+02
1.831074984187178529e+02 1.059734323096227513e+02
1.831259859916866901e+02 1.058987972928225929e+02
1.831259859916866901e+02 1.058987972928225929e+02
1.831590575676045489e+02 1.057652861159690048e+02
1.831921291435224077e+02 1.056317749391154166e+02
1.832252007194402665e+02 1.054982637622618284e+02
1.832582722953581253e+02 1.053647525854082403e+02
1.832582722953581253e+02 1.053647525854082403e+02
1.832913438712759842e+02 1.052312414085546521e+02
1.833244154471938430e+02 1.050977302317010640e+02
1.833574870231117018e+02 1.049642190548474758e+02
1.833905585990295606e+02 1.048307078779938877e+02
1.833905585990295606e+02 1.048307078779938877e+02
1.834236301749474194e+02 1.046971967011402995e+02
1.834567017508652782e+02 1.045636855242867114e+02
1.834897733267831370e+02 1.044301743474331232e+02
1.835228449027009958e+02 1.042966631705795351e+02
1.835228449027009958e+02 1.042966631705795351e+02
1.835559164786188546e+02 1.041631519937259469e+02
1.835889880545367134e+02 1.040296408168723588e+02
1.836220596304545722e+02 1.038961296400187706e+02
1.836551312063724311e+02 1.037626184631651824e+02
1.836551312063724311e+02 1.037626184631651824e+02
1.836882027822902899e+02 1.036291072863115943e+02
1.837212743582081487e+02 1.034955961094580061e+02
1.837543459341260075e+02 1.033620849326044180e+02
1.837874175100438663e+02 1.032285737557508298e+02
1.837874175100438663e+02 1.032285737557508298e+02
1.838204890859617251e+02 1.030950625788972417e+02
1.838535606618795839e+02 1.029615514020436535e+02
1.838866322377974427e+02 1.028280402251900654e+02
1.839197038137153015e+02 1.026945290483364772e+02
1.839197038137153015e+02 1.026945290483364772e+02
1.839571382958479830e+02 1.025434046575045812e+02
1.839863697153430451e+02 1.024253963343578704e+02
1.840104745613760144e+02 1.023280841781506894e+02
1.840345794074089838e+02 1.022307720219435083e+02
1.840345794074089838e+02 1.022307720219435083e+02
1.840679083535580105e+02 1.020962218319344714e+02
1.841012372997070372e+02 1.019616716419254345e+02
1.841365577582702429e+02 1.018190816425405956e+02
1.841755573361722895e+02 1.016616389021211688e+02
1.841755573361722895e+02 1.016616389021211688e+02
1.842129918183049710e+02 1.015105145112892728e+02
1.842422232378000331e+02 1.013925061881425620e+02
1.842663280838330024e+02 1.012951940319353810e+02
1.842904329298659718e+02 1.011978818757281999e+02
1.842904329298659718e+02 1.011978818757281999e+02
1.843111026648146265e+02 1.011144373901947091e+02
1.843375728409808403e+02 1.010075763086347962e+02
1.843709017871298670e+02 1.008730261186257593e+02
1.844116164431919174e+02 1.007086595441530932e+02
1.844116164431919174e+02 1.007086595441530932e+02
1.844506160210939640e+02 1.005512168037336664e+02
1.844859364796571697e+02 1.004086268043488275e+02
1.845192654258061964e+02 1.002740766143397906e+02
1.845525943719552231e+02 1.001395264243307537e+02
1.845525943719552231e+02 1.001395264243307537e+02
1.845915939498572698e+02 9.998208368391132694e+01
1.846269144084204754e+02 9.983949368452648798e+01
1.846602433545695021e+02 9.970494349451745109e+01
1.846935723007185288e+02 9.957039330450841419e+01
1.846935723007185288e+02 9.957039330450841419e+01
1.847169574363145728e+02 9.947598664599105689e+01
1.847403425719106167e+02 9.938157998747369959e+01
1.847637277075066606e+02 9.928717332895634229e+01
1.847871128431027046e+02 9.919276667043898499e+01
1.847871128431027046e+02 9.919276667043898499e+01
1.848240879890404074e+02 9.904349663683868243e+01
1.848610631349781102e+02 9.889422660323837988e+01
1.848980382809158129e+02 9.874495656963807733e+01
1.849350134268535157e+02 9.859568653603777477e+01
1.849350134268535157e+02 9.859568653603777477e+01
1.849583985624495597e+02 9.850127987752041747e+01
1.849817836980456036e+02 9.840687321900306017e+01
1.850051688336416476e+02 9.831246656048570287e+01
1.850285539692376915e+02 9.821805990196834557e+01
1.850285539692376915e+02 9.821805990196834557e+01
1.850519391048337354e+02 9.812365324345098827e+01
1.850753242404297794e+02 9.802924658493363097e+01
1.850987093760258233e+02 9.793483992641627367e+01
1.851220945116218672e+02 9.784043326789891637e+01
1.851220945116218672e+02 9.784043326789891637e+01
1.851427642465705219e+02 9.775698878236542555e+01
1.851692344227367357e+02 9.765012770080551263e+01
1.852025633688857624e+02 9.751557751079647574e+01
1.852432780249478128e+02 9.735121093632380962e+01
1.852432780249478128e+02 9.735121093632380962e+01
1.852839926810098632e+02 9.718684436185114350e+01
1.853173216271588899e+02 9.705229417184210661e+01
1.853437918033251037e+02 9.694543309028219369e+01
1.853644615382737584e+02 9.686198860474870287e+01
1.853644615382737584e+02 9.686198860474870287e+01
1.853851312732224130e+02 9.677854411921521205e+01
1.854116014493886269e+02 9.667168303765529913e+01
1.854449303955376536e+02 9.653713284764626223e+01
1.854856450515997039e+02 9.637276627317359612e+01
1.854856450515997039e+02 9.637276627317359612e+01
1.855090301871957479e+02 9.627835961465623882e+01
1.855324153227917918e+02 9.618395295613888152e+01
1.855558004583878358e+02 9.608954629762152422e+01
1.855791855939838797e+02 9.599513963910416692e+01
1.855791855939838797e+02 9.599513963910416692e+01
1.856025707295799236e+02 9.590073298058680962e+01
1.856259558651759676e+02 9.580632632206945232e+01
1.856493410007720115e+02 9.571191966355209502e+01
1.856727261363680554e+02 9.561751300503473772e+01
1.856727261363680554e+02 9.561751300503473772e+01
1.856933958713167101e+02 9.553406851950124690e+01
1.857198660474829239e+02 9.542720743794133398e+01
1.857531949936319506e+02 9.529265724793229708e+01
1.857939096496940010e+02 9.512829067345963097e+01
1.857939096496940010e+02 9.512829067345963097e+01
1.858172947852900450e+02 9.503388401494227367e+01
1.858406799208860889e+02 9.493947735642491637e+01
1.858640650564821328e+02 9.484507069790755907e+01
1.858874501920781768e+02 9.475066403939020176e+01
1.858874501920781768e+02 9.475066403939020176e+01
1.859248846742108583e+02 9.459953964855830577e+01
1.859541160937059203e+02 9.448153132541159493e+01
1.859782209397388897e+02 9.438421916920441390e+01
1.860023257857718590e+02 9.428690701299723287e+01
1.860023257857718590e+02 9.428690701299723287e+01
1.860356547319208858e+02 9.415235682298819597e+01
1.860689836780699125e+02 9.401780663297915908e+01
1.861043041366331181e+02 9.387521663359432011e+01
1.861433037145351648e+02 9.371777389317489337e+01
1.861433037145351648e+02 9.371777389317489337e+01
1.861666888501312087e+02 9.362336723465753607e+01
1.861900739857272526e+02 9.352896057614017877e+01
1.862134591213232966e+02 9.343455391762282147e+01
1.862368442569193405e+02 9.334014725910546417e+01
1.862368442569193405e+02 9.334014725910546417e+01
1.862602293925153845e+02 9.324574060058810687e+01
1.862836145281114284e+02 9.315133394207074957e+01
1.863069996637074723e+02 9.305692728355339227e+01
1.863303847993035163e+02 9.296252062503603497e+01
1.863303847993035163e+02 9.296252062503603497e+01
1.863634563752213751e+02 9.282900944818244682e+01
1.863965279511392339e+02 9.269549827132885866e+01
1.864295995270570927e+02 9.256198709447527051e+01
1.864626711029749515e+02 9.242847591762168236e+01
1.864626711029749515e+02 9.242847591762168236e+01
1.864960000491239782e+02 9.229392572761264546e+01
1.865293289952730049e+02 9.215937553760360856e+01
1.865646494538362106e+02 9.201678553821876960e+01
1.866036490317382572e+02 9.185934279779934286e+01
1.866036490317382572e+02 9.185934279779934286e+01
1.866406241776759600e+02 9.171007276419904031e+01
1.866775993236136628e+02 9.156080273059873775e+01
1.867145744695513656e+02 9.141153269699843520e+01
1.867515496154890684e+02 9.126226266339813264e+01
1.867515496154890684e+02 9.126226266339813264e+01
1.867722193504377231e+02 9.117881817786464183e+01
1.867986895266039369e+02 9.107195709630472891e+01
1.868320184727529636e+02 9.093740690629569201e+01
1.868727331288150140e+02 9.077304033182302589e+01
1.868727331288150140e+02 9.077304033182302589e+01
1.869101676109476955e+02 9.062191594099112990e+01
1.869393990304427575e+02 9.050390761784441906e+01
1.869635038764757269e+02 9.040659546163723803e+01
1.869876087225086962e+02 9.030928330543005700e+01
1.869876087225086962e+02 9.030928330543005700e+01
1.870266083004107429e+02 9.015184056501063026e+01
1.870619287589739486e+02 9.000925056562579130e+01
1.870952577051229753e+02 8.987470037561675440e+01
1.871285866512720020e+02 8.974015018560771750e+01
1.871285866512720020e+02 8.974015018560771750e+01
1.871660211334046835e+02 8.958902579477582151e+01
1.871952525528997455e+02 8.947101747162911067e+01
1.872193573989327149e+02 8.937370531542192964e+01
1.872434622449656842e+02 8.927639315921474861e+01
1.872434622449656842e+02 8.927639315921474861e+01
1.872675670909986536e+02 8.917908100300756757e+01
1.872916719370316230e+02 8.908176884680038654e+01
1.873209033565266850e+02 8.896376052365367570e+01
1.873583378386593665e+02 8.881263613282177971e+01
1.873583378386593665e+02 8.881263613282177971e+01
1.873914094145772253e+02 8.867912495596819156e+01
1.874244809904950841e+02 8.854561377911460340e+01
1.874575525664129430e+02 8.841210260226101525e+01
1.874906241423308018e+02 8.827859142540742710e+01
1.874906241423308018e+02 8.827859142540742710e+01
1.875280586244634833e+02 8.812746703457553110e+01
1.875572900439585453e+02 8.800945871142882027e+01
1.875813948899915147e+02 8.791214655522163923e+01
1.876054997360244840e+02 8.781483439901445820e+01
1.876054997360244840e+02 8.781483439901445820e+01
1.876429342181571656e+02 8.766371000818256221e+01
1.876721656376522276e+02 8.754570168503585137e+01
1.876962704836851970e+02 8.744838952882867034e+01
1.877203753297181663e+02 8.735107737262148930e+01
1.877203753297181663e+02 8.735107737262148930e+01
1.877534469056360251e+02 8.721756619576790115e+01
1.877865184815538839e+02 8.708405501891431300e+01
1.878195900574717427e+02 8.695054384206072484e+01
1.878526616333896015e+02 8.681703266520713669e+01
1.878526616333896015e+02 8.681703266520713669e+01
1.878857332093074604e+02 8.668352148835354853e+01
1.879188047852253192e+02 8.655001031149996038e+01
1.879518763611431780e+02 8.641649913464637223e+01
1.879849479370610368e+02 8.628298795779278407e+01
1.879849479370610368e+02 8.628298795779278407e+01
1.880182768832100635e+02 8.614843776778374718e+01
1.880516058293590902e+02 8.601388757777471028e+01
1.880869262879222958e+02 8.587129757838987132e+01
1.881259258658243425e+02 8.571385483797044458e+01
1.881259258658243425e+02 8.571385483797044458e+01
1.881589974417422013e+02 8.558034366111685642e+01
1.881920690176600601e+02 8.544683248426326827e+01
1.882251405935779189e+02 8.531332130740968012e+01
1.882582121694957777e+02 8.517981013055609196e+01
1.882582121694957777e+02 8.517981013055609196e+01
1.882912837454136366e+02 8.504629895370250381e+01
1.883243553213314954e+02 8.491278777684891566e+01
1.883574268972493542e+02 8.477927659999532750e+01
1.883904984731672130e+02 8.464576542314173935e+01
1.883904984731672130e+02 8.464576542314173935e+01
1.884235700490850718e+02 8.451225424628815119e+01
1.884566416250029306e+02 8.437874306943456304e+01
1.884897132009207894e+02 8.424523189258097489e+01
1.885227847768386482e+02 8.411172071572738673e+01
1.885227847768386482e+02 8.411172071572738673e+01
1.885558563527565070e+02 8.397820953887379858e+01
1.885889279286743658e+02 8.384469836202021042e+01
1.886219995045922246e+02 8.371118718516662227e+01
1.886550710805100834e+02 8.357767600831303412e+01
1.886550710805100834e+02 8.357767600831303412e+01
1.886881426564279423e+02 8.344416483145944596e+01
1.887212142323458011e+02 8.331065365460585781e+01
1.887542858082636599e+02 8.317714247775226966e+01
1.887873573841815187e+02 8.304363130089868150e+01
1.887873573841815187e+02 8.304363130089868150e+01
1.888204289600993775e+02 8.291012012404509335e+01
1.888535005360172363e+02 8.277660894719150519e+01
1.888865721119350951e+02 8.264309777033791704e+01
1.889196436878529539e+02 8.250958659348432889e+01
1.889196436878529539e+02 8.250958659348432889e+01
1.889603583439150043e+02 8.234522001901166277e+01
1.889936872900640310e+02 8.221066982900262587e+01
1.890201574662302448e+02 8.210380874744271296e+01
1.890408272011788995e+02 8.202036426190922214e+01
1.890408272011788995e+02 8.202036426190922214e+01
1.890984064199691943e+02 8.178791482308916727e+01
1.891455406676327584e+02 8.159763211955852569e+01
1.891829751497654399e+02 8.144650772872662969e+01
1.892122065692605020e+02 8.132849940557991886e+01
1.892122065692605020e+02 8.132849940557991886e+01
1.892355917048565459e+02 8.123409274706256156e+01
1.892589768404525898e+02 8.113968608854520426e+01
1.892823619760486338e+02 8.104527943002784696e+01
1.893057471116446777e+02 8.095087277151048966e+01
1.893057471116446777e+02 8.095087277151048966e+01
1.893291322472407217e+02 8.085646611299313236e+01
1.893525173828367656e+02 8.076205945447577506e+01
1.893759025184328095e+02 8.066765279595841776e+01
1.893992876540288535e+02 8.057324613744106045e+01
1.893992876540288535e+02 8.057324613744106045e+01
1.894400023100909038e+02 8.040887956296839434e+01
1.894733312562399306e+02 8.027432937295935744e+01
1.894998014324061444e+02 8.016746829139944452e+01
1.895204711673547990e+02 8.008402380586595370e+01
1.895204711673547990e+02 8.008402380586595370e+01
1.895438563029508430e+02 7.998961714734859640e+01
1.895672414385468869e+02 7.989521048883123910e+01
1.895906265741429308e+02 7.980080383031388180e+01
1.896140117097389748e+02 7.970639717179652450e+01
1.896140117097389748e+02 7.970639717179652450e+01
1.896373968453350187e+02 7.961199051327916720e+01
1.896607819809310627e+02 7.951758385476180990e+01
1.896841671165271066e+02 7.942317719624445260e+01
1.897075522521231505e+02 7.932877053772709530e+01
1.897075522521231505e+02 7.932877053772709530e+01
1.897309373877191945e+02 7.923436387920973800e+01
1.897543225233152384e+02 7.913995722069238070e+01
1.897777076589112824e+02 7.904555056217502340e+01
1.898010927945073263e+02 7.895114390365766610e+01
1.898010927945073263e+02 7.895114390365766610e+01
1.898403108591491844e+02 7.879281912417758349e+01
1.898758724157915765e+02 7.864925580291756546e+01
1.899114339724339686e+02 7.850569248165754743e+01
1.899506520370758267e+02 7.834736770217746482e+01
1.899506520370758267e+02 7.834736770217746482e+01
1.899740371726718706e+02 7.825296104366010752e+01
1.899974223082679146e+02 7.815855438514275022e+01
1.900208074438639585e+02 7.806414772662539292e+01
1.900441925794600024e+02 7.796974106810803562e+01
1.900441925794600024e+02 7.796974106810803562e+01
1.901043837561834380e+02 7.772674705837272313e+01
1.901489077278707782e+02 7.754700213563496902e+01
1.901787180435538289e+02 7.742665678713669308e+01
1.901972056165226661e+02 7.735202177033653470e+01
1.901972056165226661e+02 7.735202177033653470e+01
1.902305345626716928e+02 7.721747158032749780e+01
1.902712492187337432e+02 7.705310500585483169e+01
1.903196358276953788e+02 7.685776647338005318e+01
1.903758635857608965e+02 7.663077293155998859e+01
1.903758635857608965e+02 7.663077293155998859e+01
1.903992487213569405e+02 7.653636627304263129e+01
1.904226338569529844e+02 7.644195961452527399e+01
1.904460189925490283e+02 7.634755295600791669e+01
1.904694041281450723e+02 7.625314629749055939e+01
1.904694041281450723e+02 7.625314629749055939e+01
1.904927892637411162e+02 7.615873963897320209e+01
1.905161743993371601e+02 7.606433298045584479e+01
1.905395595349332041e+02 7.596992632193848749e+01
1.905629446705292480e+02 7.587551966342113019e+01
1.905629446705292480e+02 7.587551966342113019e+01
1.905863298061252920e+02 7.578111300490377289e+01
1.906097149417213359e+02 7.568670634638641559e+01
1.906331000773173798e+02 7.559229968786905829e+01
1.906564852129134238e+02 7.549789302935170099e+01
1.906564852129134238e+02 7.549789302935170099e+01
1.906798703485094677e+02 7.540348637083434369e+01
1.907032554841055116e+02 7.530907971231698639e+01
1.907266406197015556e+02 7.521467305379962909e+01
1.907500257552975995e+02 7.512026639528227179e+01
1.907500257552975995e+02 7.512026639528227179e+01
1.907907404113596499e+02 7.495589982080960567e+01
1.908240693575086766e+02 7.482134963080056878e+01
1.908505395336748904e+02 7.471448854924065586e+01
1.908712092686235451e+02 7.463104406370716504e+01
1.908712092686235451e+02 7.463104406370716504e+01
1.908918790035721997e+02 7.454759957817367422e+01
1.909183491797384136e+02 7.444073849661376130e+01
1.909516781258874403e+02 7.430618830660472440e+01
1.909923927819494907e+02 7.414182173213205829e+01
1.909923927819494907e+02 7.414182173213205829e+01
1.910331074380115410e+02 7.397745515765939217e+01
1.910664363841605677e+02 7.384290496765035527e+01
1.910929065603267816e+02 7.373604388609044236e+01
1.911135762952754362e+02 7.365259940055695154e+01
1.911135762952754362e+02 7.365259940055695154e+01
1.911342460302240909e+02 7.356915491502346072e+01
1.911607162063903047e+02 7.346229383346354780e+01
1.911940451525393314e+02 7.332774364345451090e+01
1.912347598086013818e+02 7.316337706898184479e+01
1.912347598086013818e+02 7.316337706898184479e+01
1.912754744646634322e+02 7.299901049450917867e+01
1.913088034108124589e+02 7.286446030450014177e+01
1.913352735869786727e+02 7.275759922294022886e+01
1.913559433219273274e+02 7.267415473740673804e+01
1.913559433219273274e+02 7.267415473740673804e+01
1.914161344986507629e+02 7.243116072767142555e+01
1.914606584703381031e+02 7.225141580493367144e+01
1.914904687860211538e+02 7.213107045643539550e+01
1.915089563589899910e+02 7.205643543963523712e+01
1.915089563589899910e+02 7.205643543963523712e+01
1.915323414945860350e+02 7.196202878111787982e+01
1.915557266301820789e+02 7.186762212260052252e+01
1.915791117657781228e+02 7.177321546408316522e+01
1.916024969013741668e+02 7.167880880556580792e+01
1.916024969013741668e+02 7.167880880556580792e+01
1.916231666363228214e+02 7.159536432003231710e+01
1.916496368124890353e+02 7.148850323847240418e+01
1.916829657586380620e+02 7.135395304846336728e+01
1.917236804147001124e+02 7.118958647399070117e+01
1.917236804147001124e+02 7.118958647399070117e+01
1.917470655502961563e+02 7.109517981547334387e+01
1.917704506858922002e+02 7.100077315695598656e+01
1.917938358214882442e+02 7.090636649843862926e+01
1.918172209570842881e+02 7.081195983992127196e+01
1.918172209570842881e+02 7.081195983992127196e+01
1.918546554392169696e+02 7.066083544908937597e+01
1.918838868587120317e+02 7.054282712594266513e+01
1.919079917047450010e+02 7.044551496973548410e+01
1.919320965507779704e+02 7.034820281352830307e+01
1.919320965507779704e+02 7.034820281352830307e+01
1.919562013968109397e+02 7.025089065732112203e+01
1.919803062428439091e+02 7.015357850111394100e+01
1.920095376623389711e+02 7.003557017796723017e+01
1.920469721444716527e+02 6.988444578713533417e+01
1.920469721444716527e+02 6.988444578713533417e+01
1.920703572800676966e+02 6.979003912861797687e+01
1.920937424156637405e+02 6.969563247010061957e+01
1.921171275512597845e+02 6.960122581158326227e+01
1.921405126868558284e+02 6.950681915306590497e+01
1.921405126868558284e+02 6.950681915306590497e+01
1.921590002598246656e+02 6.943218413626574659e+01
1.921888105755077163e+02 6.931183878776747065e+01
1.922333345471950565e+02 6.913209386502971654e+01
1.922935257239184921e+02 6.888909985529440405e+01
1.922935257239184921e+02 6.888909985529440405e+01
1.923305008698561949e+02 6.873982982169410150e+01
1.923674760157938977e+02 6.859055978809379894e+01
1.924044511617316005e+02 6.844128975449349639e+01
1.924414263076693032e+02 6.829201972089319383e+01
1.924414263076693032e+02 6.829201972089319383e+01
1.924599138806381404e+02 6.821738470409303545e+01
1.924897241963211911e+02 6.809703935559475951e+01
1.925342481680085314e+02 6.791729443285700540e+01
1.925944393447319669e+02 6.767430042312169292e+01
1.925944393447319669e+02 6.767430042312169292e+01
1.926314144906696697e+02 6.752503038952139036e+01
1.926683896366073725e+02 6.737576035592108781e+01
1.927053647825450753e+02 6.722649032232078525e+01
1.927423399284827781e+02 6.707722028872048270e+01
1.927423399284827781e+02 6.707722028872048270e+01
1.927754115044006369e+02 6.694370911186689455e+01
1.928084830803184957e+02 6.681019793501330639e+01
1.928415546562363545e+02 6.667668675815971824e+01
1.928746262321542133e+02 6.654317558130613008e+01
1.928746262321542133e+02 6.654317558130613008e+01
1.929153408882162637e+02 6.637880900683346397e+01
1.929486698343652904e+02 6.624425881682442707e+01
1.929751400105315042e+02 6.613739773526451415e+01
1.929958097454801589e+02 6.605395324973102333e+01
1.929958097454801589e+02 6.605395324973102333e+01
1.930250411649752209e+02 6.593594492658431250e+01
1.930624756471079024e+02 6.578482053575241650e+01
1.931096098947714665e+02 6.559453783222177492e+01
1.931671891135617614e+02 6.536208839340172005e+01
1.931671891135617614e+02 6.536208839340172005e+01
1.931964205330568234e+02 6.524408007025500922e+01
1.932338550151895049e+02 6.509295567942311322e+01
1.932809892628530690e+02 6.490267297589247164e+01
1.933385684816433638e+02 6.467022353707241678e+01
1.933385684816433638e+02 6.467022353707241678e+01
1.933716400575612226e+02 6.453671236021882862e+01
1.934047116334790815e+02 6.440320118336524047e+01
1.934377832093969403e+02 6.426969000651165231e+01
1.934708547853147991e+02 6.413617882965806416e+01
1.934708547853147991e+02 6.413617882965806416e+01
1.935039263612326579e+02 6.400266765280447601e+01
1.935369979371505167e+02 6.386915647595089496e+01
1.935700695130683755e+02 6.373564529909731391e+01
1.936031410889862343e+02 6.360213412224373286e+01
1.936031410889862343e+02 6.360213412224373286e+01
1.936362126649040931e+02 6.346862294539015181e+01
1.936692842408219519e+02 6.333511176853657076e+01
1.937023558167398107e+02 6.320160059168298972e+01
1.937354273926576695e+02 6.306808941482940867e+01
1.937354273926576695e+02 6.306808941482940867e+01
1.937684989685755284e+02 6.293457823797582762e+01
1.938015705444933872e+02 6.280106706112224657e+01
1.938346421204112460e+02 6.266755588426866552e+01
1.938677136963291048e+02 6.253404470741508447e+01
1.938677136963291048e+02 6.253404470741508447e+01
1.939007852722469636e+02 6.240053353056150343e+01
1.939338568481648224e+02 6.226702235370792238e+01
1.939669284240826812e+02 6.213351117685434133e+01
1.940000000000005400e+02 6.200000000000076028e+01
