1.690000000000000000e+02 1.800000000000000000e+02
1.689093467871938117e+02 1.800313799582790750e+02
1.687932540303696953e+02 1.800715659125643526e+02
1.686470801168987066e+02 1.801221645749197080e+02
1.684685139964578582e+02 1.801839759243030699e+02
1.684685139964578582e+02 1.801839759243030699e+02
1.683659515940392737e+02 1.802194782943710436e+02
1.682633891916206892e+02 1.802549806644390173e+02
1.681608267892021047e+02 1.802904830345069911e+02
1.680582643867835202e+02 1.803259854045749648e+02
1.680582643867835202e+02 1.803259854045749648e+02
1.679549038213356198e+02 1.803617640618454061e+02
1.678515432558877194e+02 1.803975427191158474e+02
1.677420065620885907e+02 1.804354592669693886e+02
1.676210600909291770e+02 1.804773253531399462e+02
1.676210600909291770e+02 1.804773253531399462e+02
1.675176995254812766e+02 1.805131040104103874e+02
1.674143389600333762e+02 1.805488826676808287e+02
1.673048022662342476e+02 1.805867992155343700e+02
1.671838557950748338e+02 1.806286653017049275e+02
1.671838557950748338e+02 1.806286653017049275e+02
1.671113332248298775e+02 1.806537692683281762e+02
1.670388106545849212e+02 1.806788732349514248e+02
1.669662880843399648e+02 1.807039772015746735e+02
1.668937655140950085e+02 1.807290811681979221e+02
1.668937655140950085e+02 1.807290811681979221e+02
1.667904049486471081e+02 1.807648598254683634e+02
1.666870443831992077e+02 1.808006384827388047e+02
1.665775076894000790e+02 1.808385550305923459e+02
1.664565612182406653e+02 1.808804211167629035e+02
1.664565612182406653e+02 1.808804211167629035e+02
1.663840386479957090e+02 1.809055250833861521e+02
1.663115160777507526e+02 1.809306290500094008e+02
1.662389935075057963e+02 1.809557330166326494e+02
1.661664709372608399e+02 1.809808369832558981e+02
1.661664709372608399e+02 1.809808369832558981e+02
1.660939483670158836e+02 1.810059409498791467e+02
1.660214257967709273e+02 1.810310449165023954e+02
1.659489032265259709e+02 1.810561488831256440e+02
1.658763806562810146e+02 1.810812528497488927e+02
1.658763806562810146e+02 1.810812528497488927e+02
1.658038580860360582e+02 1.811063568163721413e+02
1.657313355157911019e+02 1.811314607829953900e+02
1.656588129455461456e+02 1.811565647496186386e+02
1.655862903753011892e+02 1.811816687162418873e+02
1.655862903753011892e+02 1.811816687162418873e+02
1.655137678050562329e+02 1.812067726828651359e+02
1.654412452348112765e+02 1.812318766494883846e+02
1.653687226645663202e+02 1.812569806161116333e+02
1.652962000943213638e+02 1.812820845827348819e+02
1.652962000943213638e+02 1.812820845827348819e+02
1.652236775240764075e+02 1.813071885493581306e+02
1.651511549538314512e+02 1.813322925159813792e+02
1.650786323835864948e+02 1.813573964826046279e+02
1.650061098133415385e+02 1.813825004492278765e+02
1.650061098133415385e+02 1.813825004492278765e+02
1.649035474109229540e+02 1.814180028192958503e+02
1.648009850085043695e+02 1.814535051893638240e+02
1.646984226060857850e+02 1.814890075594317977e+02
1.645958602036672005e+02 1.815245099294997715e+02
1.645958602036672005e+02 1.815245099294997715e+02
1.645211056493268984e+02 1.815503865060021838e+02
1.644463510949865963e+02 1.815762630825045960e+02
1.643556978821804080e+02 1.816076430407836710e+02
1.642396051253562916e+02 1.816478289950689486e+02
1.642396051253562916e+02 1.816478289950689486e+02
1.641133398107023993e+02 1.816915362193722103e+02
1.640099792452544989e+02 1.817273148766426516e+02
1.639278892696575269e+02 1.817557306374262112e+02
1.638637877681459258e+02 1.817779196187186983e+02
1.638637877681459258e+02 1.817779196187186983e+02
1.637612253657273413e+02 1.818134219887866720e+02
1.636586629633087568e+02 1.818489243588546458e+02
1.635561005608901723e+02 1.818844267289226195e+02
1.634535381584715878e+02 1.819199290989905933e+02
1.634535381584715878e+02 1.819199290989905933e+02
1.633325916873121741e+02 1.819617951851611508e+02
1.632230549935130455e+02 1.819997117330146921e+02
1.631196944280651451e+02 1.820354903902851333e+02
1.630163338626172447e+02 1.820712690475555746e+02
1.630163338626172447e+02 1.820712690475555746e+02
1.629137714601986602e+02 1.821067714176235484e+02
1.628112090577800757e+02 1.821422737876915221e+02
1.627086466553614912e+02 1.821777761577594958e+02
1.626060842529429067e+02 1.822132785278274696e+02
1.626060842529429067e+02 1.822132785278274696e+02
1.624914160010710873e+02 1.822529713842446313e+02
1.623767477491992679e+02 1.822926642406617930e+02
1.622620794973274485e+02 1.823323570970789547e+02
1.621474112454556291e+02 1.823720499534961164e+02
1.621474112454556291e+02 1.823720499534961164e+02
1.620448488430370446e+02 1.824075523235640901e+02
1.619422864406184601e+02 1.824430546936320638e+02
1.618397240381998756e+02 1.824785570637000376e+02
1.617371616357812911e+02 1.825140594337680113e+02
1.617371616357812911e+02 1.825140594337680113e+02
1.616345992333627066e+02 1.825495618038359851e+02
1.615320368309441221e+02 1.825850641739039588e+02
1.614294744285255376e+02 1.826205665439719326e+02
1.613269120261069531e+02 1.826560689140399063e+02
1.613269120261069531e+02 1.826560689140399063e+02
1.612243496236883686e+02 1.826915712841078800e+02
1.611217872212697841e+02 1.827270736541758538e+02
1.610192248188511996e+02 1.827625760242438275e+02
1.609166624164326151e+02 1.827980783943118013e+02
1.609166624164326151e+02 1.827980783943118013e+02
1.608141000140140306e+02 1.828335807643797750e+02
1.607115376115954462e+02 1.828690831344477488e+02
1.606089752091768617e+02 1.829045855045157225e+02
1.605064128067582772e+02 1.829400878745836962e+02
1.605064128067582772e+02 1.829400878745836962e+02
1.603903200499341608e+02 1.829802738288689739e+02
1.602996668371279725e+02 1.830116537871480489e+02
1.602249122827876704e+02 1.830375303636504611e+02
1.601501577284473683e+02 1.830634069401528734e+02
1.601501577284473683e+02 1.830634069401528734e+02
1.600754031741070662e+02 1.830892835166552857e+02
1.600006486197667641e+02 1.831151600931576979e+02
1.599099954069605758e+02 1.831465400514367730e+02
1.597939026501364594e+02 1.831867260057220506e+02
1.597939026501364594e+02 1.831867260057220506e+02
1.596729561789770457e+02 1.832285920918926081e+02
1.595634194851779171e+02 1.832665086397461494e+02
1.594600589197300167e+02 1.833022872970165906e+02
1.593566983542821163e+02 1.833380659542870319e+02
1.593566983542821163e+02 1.833380659542870319e+02
1.592541359518635318e+02 1.833735683243550056e+02
1.591515735494449473e+02 1.834090706944229794e+02
1.590490111470263628e+02 1.834445730644909531e+02
1.589464487446077783e+02 1.834800754345589269e+02
1.589464487446077783e+02 1.834800754345589269e+02
1.588255022734483646e+02 1.835219415207294844e+02
1.587159655796492359e+02 1.835598580685830257e+02
1.586126050142013355e+02 1.835956367258534669e+02
1.585092444487534351e+02 1.836314153831239082e+02
1.585092444487534351e+02 1.836314153831239082e+02
1.584344898944131330e+02 1.836572919596263205e+02
1.583597353400728309e+02 1.836831685361287327e+02
1.582690821272666426e+02 1.837145484944078078e+02
1.581529893704425263e+02 1.837547344486930854e+02
1.581529893704425263e+02 1.837547344486930854e+02
1.580804668001975699e+02 1.837798384153163340e+02
1.580079442299526136e+02 1.838049423819395827e+02
1.579354216597076572e+02 1.838300463485628313e+02
1.578628990894627009e+02 1.838551503151860800e+02
1.578628990894627009e+02 1.838551503151860800e+02
1.577881445351223988e+02 1.838810268916884922e+02
1.577133899807820967e+02 1.839069034681909045e+02
1.576227367679759084e+02 1.839382834264699795e+02
1.575066440111517920e+02 1.839784693807552571e+02
1.575066440111517920e+02 1.839784693807552571e+02
1.574425425096401909e+02 1.840006583620477443e+02
1.573604525340432190e+02 1.840290741228313038e+02
1.572570919685953186e+02 1.840648527801017451e+02
1.571308266539414262e+02 1.841085600044050068e+02
1.571308266539414262e+02 1.841085600044050068e+02
1.570147338971173099e+02 1.841487459586902844e+02
1.569240806843111216e+02 1.841801259169693594e+02
1.568493261299708195e+02 1.842060024934717717e+02
1.567745715756305174e+02 1.842318790699741839e+02
1.567745715756305174e+02 1.842318790699741839e+02
1.567020490053855610e+02 1.842569830365974326e+02
1.566295264351406047e+02 1.842820870032206813e+02
1.565570038648956483e+02 1.843071909698439299e+02
1.564844812946506920e+02 1.843322949364671786e+02
1.564844812946506920e+02 1.843322949364671786e+02
1.563698130427788726e+02 1.843719877928843403e+02
1.562551447909070532e+02 1.844116806493015019e+02
1.561404765390352338e+02 1.844513735057186636e+02
1.560258082871634144e+02 1.844910663621358253e+02
1.560258082871634144e+02 1.844910663621358253e+02
1.559617067856518133e+02 1.845132553434283125e+02
1.558796168100548414e+02 1.845416711042118720e+02
1.557762562446069410e+02 1.845774497614823133e+02
1.556499909299530486e+02 1.846211569857855750e+02
1.556499909299530486e+02 1.846211569857855750e+02
1.555237256152991563e+02 1.846648642100888367e+02
1.554203650498512559e+02 1.847006428673592779e+02
1.553382750742542839e+02 1.847290586281428375e+02
1.552741735727426828e+02 1.847512476094353246e+02
1.552741735727426828e+02 1.847512476094353246e+02
1.551479082580887905e+02 1.847949548337385863e+02
1.550445476926408901e+02 1.848307334910090276e+02
1.549624577170439181e+02 1.848591492517925872e+02
1.548983562155323170e+02 1.848813382330850743e+02
1.548983562155323170e+02 1.848813382330850743e+02
1.548258336452873607e+02 1.849064421997083230e+02
1.547533110750424044e+02 1.849315461663315716e+02
1.546807885047974480e+02 1.849566501329548203e+02
1.546082659345524917e+02 1.849817540995780689e+02
1.546082659345524917e+02 1.849817540995780689e+02
1.544873194633930780e+02 1.850236201857486265e+02
1.543777827695939493e+02 1.850615367336021677e+02
1.542744222041460489e+02 1.850973153908726090e+02
1.541710616386981485e+02 1.851330940481430503e+02
1.541710616386981485e+02 1.851330940481430503e+02
1.541069601371865474e+02 1.851552830294355374e+02
1.540248701615895754e+02 1.851836987902190970e+02
1.539215095961416750e+02 1.852194774474895382e+02
1.537952442814877827e+02 1.852631846717927999e+02
1.537952442814877827e+02 1.852631846717927999e+02
1.537311427799761816e+02 1.852853736530852871e+02
1.536490528043792096e+02 1.853137894138688466e+02
1.535456922389313092e+02 1.853495680711392879e+02
1.534194269242774169e+02 1.853932752954425496e+02
1.534194269242774169e+02 1.853932752954425496e+02
1.533168645218588324e+02 1.854287776655105233e+02
1.532143021194402479e+02 1.854642800355784971e+02
1.531117397170216634e+02 1.854997824056464708e+02
1.530091773146030789e+02 1.855352847757144445e+02
1.530091773146030789e+02 1.855352847757144445e+02
1.529066149121844944e+02 1.855707871457824183e+02
1.528040525097659099e+02 1.856062895158503920e+02
1.527014901073473254e+02 1.856417918859183658e+02
1.525989277049287409e+02 1.856772942559863395e+02
1.525989277049287409e+02 1.856772942559863395e+02
1.524963653025101564e+02 1.857127966260543133e+02
1.523938029000915719e+02 1.857482989961222870e+02
1.522912404976729874e+02 1.857838013661902608e+02
1.521886780952544029e+02 1.858193037362582345e+02
1.521886780952544029e+02 1.858193037362582345e+02
1.520861156928358184e+02 1.858548061063262082e+02
1.519835532904172339e+02 1.858903084763941820e+02
1.518809908879986494e+02 1.859258108464621557e+02
1.517784284855800649e+02 1.859613132165301295e+02
1.517784284855800649e+02 1.859613132165301295e+02
1.516758660831614804e+02 1.859968155865981032e+02
1.515733036807428959e+02 1.860323179566660770e+02
1.514707412783243115e+02 1.860678203267340507e+02
1.513681788759057270e+02 1.861033226968020244e+02
1.513681788759057270e+02 1.861033226968020244e+02
1.512656164734871425e+02 1.861388250668699982e+02
1.511630540710685580e+02 1.861743274369379719e+02
1.510604916686499735e+02 1.862098298070059457e+02
1.509579292662313890e+02 1.862453321770739194e+02
1.509579292662313890e+02 1.862453321770739194e+02
1.508553668638128045e+02 1.862808345471418932e+02
1.507528044613942200e+02 1.863163369172098669e+02
1.506502420589756355e+02 1.863518392872778406e+02
1.505476796565570510e+02 1.863873416573458144e+02
1.505476796565570510e+02 1.863873416573458144e+02
1.504570264437508627e+02 1.864187216156248894e+02
1.503409336869267463e+02 1.864589075699101670e+02
1.501947597734557576e+02 1.865095062322655224e+02
1.500161936530149092e+02 1.865713175816488842e+02
1.500161936530149092e+02 1.865713175816488842e+02
1.499588595270789995e+02 1.865911640098574651e+02
1.498664110268652507e+02 1.866231654137775990e+02
1.497283321668553242e+02 1.866709619422425703e+02
1.495416657768263633e+02 1.867355772310987447e+02
1.495416657768263633e+02 1.867355772310987447e+02
1.494200417290983012e+02 1.867776778630046124e+02
1.493097573358765544e+02 1.868158532298890577e+02
1.491994729426548076e+02 1.868540285967735031e+02
1.490778488949267455e+02 1.868961292286793707e+02
1.490778488949267455e+02 1.868961292286793707e+02
1.490137473934151444e+02 1.869183182099718579e+02
1.489316574178181725e+02 1.869467339707554174e+02
1.488282968523702721e+02 1.869825126280258587e+02
1.487020315377163797e+02 1.870262198523291204e+02
1.487020315377163797e+02 1.870262198523291204e+02
1.485994691352977952e+02 1.870617222223970941e+02
1.484969067328792107e+02 1.870972245924650679e+02
1.483943443304606262e+02 1.871327269625330416e+02
1.482917819280420417e+02 1.871682293326010154e+02
1.482917819280420417e+02 1.871682293326010154e+02
1.481701578803139796e+02 1.872103299645068830e+02
1.480598734870922328e+02 1.872485053313913284e+02
1.479495890938704861e+02 1.872866806982757737e+02
1.478279650461424239e+02 1.873287813301816414e+02
1.478279650461424239e+02 1.873287813301816414e+02
1.477638635446308228e+02 1.873509703114741285e+02
1.476817735690338509e+02 1.873793860722576881e+02
1.475784130035859505e+02 1.874151647295281293e+02
1.474521476889320581e+02 1.874588719538313910e+02
1.474521476889320581e+02 1.874588719538313910e+02
1.473880461874204570e+02 1.874810609351238782e+02
1.473059562118234851e+02 1.875094766959074377e+02
1.472025956463755847e+02 1.875452553531778790e+02
1.470763303317216923e+02 1.875889625774811407e+02
1.470763303317216923e+02 1.875889625774811407e+02
1.470122288302100912e+02 1.876111515587736278e+02
1.469301388546131193e+02 1.876395673195571874e+02
1.468267782891652189e+02 1.876753459768276286e+02
1.467005129745113265e+02 1.877190532011308903e+02
1.467005129745113265e+02 1.877190532011308903e+02
1.466364114729997254e+02 1.877412421824233775e+02
1.465543214974027535e+02 1.877696579432069370e+02
1.464509609319548531e+02 1.878054366004773783e+02
1.463246956173009607e+02 1.878491438247806400e+02
1.463246956173009607e+02 1.878491438247806400e+02
1.462605941157893596e+02 1.878713328060731271e+02
1.461785041401923877e+02 1.878997485668566867e+02
1.460751435747444873e+02 1.879355272241271280e+02
1.459488782600905949e+02 1.879792344484303896e+02
1.459488782600905949e+02 1.879792344484303896e+02
1.458847767585789938e+02 1.880014234297228768e+02
1.458026867829820219e+02 1.880298391905064364e+02
1.456993262175341215e+02 1.880656178477768776e+02
1.455730609028802292e+02 1.881093250720801393e+02
1.455730609028802292e+02 1.881093250720801393e+02
1.455089594013686281e+02 1.881315140533726264e+02
1.454268694257716561e+02 1.881599298141561860e+02
1.453235088603237557e+02 1.881957084714266273e+02
1.451972435456698634e+02 1.882394156957298890e+02
1.451972435456698634e+02 1.882394156957298890e+02
1.450938829802219630e+02 1.882751943530003302e+02
1.449676176655680706e+02 1.883189015773035919e+02
1.448175598977640846e+02 1.883708446507742167e+02
1.446431849612889096e+02 1.884312052057079256e+02
1.446431849612889096e+02 1.884312052057079256e+02
1.445169196466350172e+02 1.884749124300111873e+02
1.444135590811871168e+02 1.885106910872816286e+02
1.443314691055901449e+02 1.885391068480651882e+02
1.442673676040785438e+02 1.885612958293576753e+02
1.442673676040785438e+02 1.885612958293576753e+02
1.441464211329191301e+02 1.886031619155282328e+02
1.440368844391200014e+02 1.886410784633817741e+02
1.439335238736721010e+02 1.886768571206522154e+02
1.438301633082242006e+02 1.887126357779226566e+02
1.438301633082242006e+02 1.887126357779226566e+02
1.437276009058056161e+02 1.887481381479906304e+02
1.436250385033870316e+02 1.887836405180586041e+02
1.435224761009684471e+02 1.888191428881265779e+02
1.434199136985498626e+02 1.888546452581945516e+02
1.434199136985498626e+02 1.888546452581945516e+02
1.433451591442095605e+02 1.888805218346969639e+02
1.432704045898692584e+02 1.889063984111993761e+02
1.431797513770630701e+02 1.889377783694784512e+02
1.430636586202389537e+02 1.889779643237637288e+02
1.430636586202389537e+02 1.889779643237637288e+02
1.429610962178203692e+02 1.890134666938317025e+02
1.428585338154017848e+02 1.890489690638996763e+02
1.427559714129832003e+02 1.890844714339676500e+02
1.426534090105646158e+02 1.891199738040356237e+02
1.426534090105646158e+02 1.891199738040356237e+02
1.425508466081460313e+02 1.891554761741035975e+02
1.424482842057274468e+02 1.891909785441715712e+02
1.423457218033088623e+02 1.892264809142395450e+02
1.422431594008902778e+02 1.892619832843075187e+02
1.422431594008902778e+02 1.892619832843075187e+02
1.421405969984716933e+02 1.892974856543754925e+02
1.420380345960531088e+02 1.893329880244434662e+02
1.419354721936345243e+02 1.893684903945114399e+02
1.418329097912159398e+02 1.894039927645794137e+02
1.418329097912159398e+02 1.894039927645794137e+02
1.417303473887973553e+02 1.894394951346473874e+02
1.416277849863787708e+02 1.894749975047153612e+02
1.415252225839601863e+02 1.895104998747833349e+02
1.414226601815416018e+02 1.895460022448513087e+02
1.414226601815416018e+02 1.895460022448513087e+02
1.413200977791230173e+02 1.895815046149192824e+02
1.412175353767044328e+02 1.896170069849872561e+02
1.411149729742858483e+02 1.896525093550552299e+02
1.410124105718672638e+02 1.896880117251232036e+02
1.410124105718672638e+02 1.896880117251232036e+02
1.409098481694486793e+02 1.897235140951911774e+02
1.408072857670300948e+02 1.897590164652591511e+02
1.407047233646115103e+02 1.897945188353271249e+02
1.406021609621929258e+02 1.898300212053950986e+02
1.406021609621929258e+02 1.898300212053950986e+02
1.404995985597743413e+02 1.898655235754630723e+02
1.403970361573557568e+02 1.899010259455310461e+02
1.402944737549371723e+02 1.899365283155990198e+02
1.401919113525185878e+02 1.899720306856669936e+02
1.401919113525185878e+02 1.899720306856669936e+02
1.400893489501000033e+02 1.900075330557349673e+02
1.399867865476814188e+02 1.900430354258029411e+02
1.398842241452628343e+02 1.900785377958709148e+02
1.397816617428442498e+02 1.901140401659388885e+02
1.397816617428442498e+02 1.901140401659388885e+02
1.396790993404256653e+02 1.901495425360068623e+02
1.395765369380070808e+02 1.901850449060748360e+02
1.394739745355884963e+02 1.902205472761428098e+02
1.393714121331699118e+02 1.902560496462107835e+02
1.393714121331699118e+02 1.902560496462107835e+02
1.392688497307513273e+02 1.902915520162787573e+02
1.391662873283327428e+02 1.903270543863467310e+02
1.390637249259141583e+02 1.903625567564147048e+02
1.389611625234955739e+02 1.903980591264826785e+02
1.389611625234955739e+02 1.903980591264826785e+02
1.388586001210769894e+02 1.904335614965506522e+02
1.387560377186584049e+02 1.904690638666186260e+02
1.386534753162398204e+02 1.905045662366865997e+02
1.385509129138212359e+02 1.905400686067545735e+02
1.385509129138212359e+02 1.905400686067545735e+02
1.384483505114026514e+02 1.905755709768225472e+02
1.383457881089840669e+02 1.906110733468905210e+02
1.382432257065654824e+02 1.906465757169584947e+02
1.381406633041468979e+02 1.906820780870264684e+02
1.381406633041468979e+02 1.906820780870264684e+02
1.380381009017283134e+02 1.907175804570944422e+02
1.379355384993097289e+02 1.907530828271624159e+02
1.378329760968911444e+02 1.907885851972303897e+02
1.377304136944725599e+02 1.908240875672983634e+02
1.377304136944725599e+02 1.908240875672983634e+02
1.376663121929609588e+02 1.908462765485908506e+02
1.375842222173639868e+02 1.908746923093744101e+02
1.374808616519160864e+02 1.909104709666448514e+02
1.373545963372621941e+02 1.909541781909481131e+02
1.373545963372621941e+02 1.909541781909481131e+02
1.372512357718142937e+02 1.909899568482185543e+02
1.371478752063663933e+02 1.910257355054889956e+02
1.370383385125672646e+02 1.910636520533425369e+02
1.369173920414078509e+02 1.911055181395130944e+02
1.369173920414078509e+02 1.911055181395130944e+02
1.368140314759599505e+02 1.911412967967835357e+02
1.367106709105120501e+02 1.911770754540539770e+02
1.366011342167129214e+02 1.912149920019075182e+02
1.364801877455535077e+02 1.912568580880780758e+02
1.364801877455535077e+02 1.912568580880780758e+02
1.364076651753085514e+02 1.912819620547013244e+02
1.363351426050635951e+02 1.913070660213245731e+02
1.362626200348186387e+02 1.913321699879478217e+02
1.361900974645736824e+02 1.913572739545710704e+02
1.361900974645736824e+02 1.913572739545710704e+02
1.360740047077495660e+02 1.913974599088563480e+02
1.359833514949433777e+02 1.914288398671354230e+02
1.359085969406030756e+02 1.914547164436378353e+02
1.358338423862627735e+02 1.914805930201402475e+02
1.358338423862627735e+02 1.914805930201402475e+02
1.357128959151033598e+02 1.915224591063108051e+02
1.356033592213042311e+02 1.915603756541643463e+02
1.354999986558563307e+02 1.915961543114347876e+02
1.353966380904084303e+02 1.916319329687052289e+02
1.353966380904084303e+02 1.916319329687052289e+02
1.352805453335843140e+02 1.916721189229905065e+02
1.351898921207781257e+02 1.917034988812695815e+02
1.351151375664378236e+02 1.917293754577719938e+02
1.350403830120975215e+02 1.917552520342744060e+02
1.350403830120975215e+02 1.917552520342744060e+02
1.349370224466496211e+02 1.917910306915448473e+02
1.348336618812017207e+02 1.918268093488152886e+02
1.347241251874025920e+02 1.918647258966688298e+02
1.346031787162431783e+02 1.919065919828393874e+02
1.346031787162431783e+02 1.919065919828393874e+02
1.345306561459982220e+02 1.919316959494626360e+02
1.344581335757532656e+02 1.919567999160858847e+02
1.343856110055083093e+02 1.919819038827091333e+02
1.343130884352633529e+02 1.920070078493323820e+02
1.343130884352633529e+02 1.920070078493323820e+02
1.341984201833915336e+02 1.920467007057495437e+02
1.340837519315197142e+02 1.920863935621667054e+02
1.339690836796478948e+02 1.921260864185838670e+02
1.338544154277760754e+02 1.921657792750010287e+02
1.338544154277760754e+02 1.921657792750010287e+02
1.337818928575311190e+02 1.921908832416242774e+02
1.337093702872861627e+02 1.922159872082475260e+02
1.336368477170412064e+02 1.922410911748707747e+02
1.335643251467962500e+02 1.922661951414940233e+02
1.335643251467962500e+02 1.922661951414940233e+02
1.334918025765512937e+02 1.922912991081172720e+02
1.334192800063063373e+02 1.923164030747405207e+02
1.333467574360613810e+02 1.923415070413637693e+02
1.332742348658164246e+02 1.923666110079870180e+02
1.332742348658164246e+02 1.923666110079870180e+02
1.332017122955714683e+02 1.923917149746102666e+02
1.331291897253265120e+02 1.924168189412335153e+02
1.330566671550815556e+02 1.924419229078567639e+02
1.329841445848365993e+02 1.924670268744800126e+02
1.329841445848365993e+02 1.924670268744800126e+02
1.329116220145916429e+02 1.924921308411032612e+02
1.328390994443466866e+02 1.925172348077265099e+02
1.327665768741017303e+02 1.925423387743497585e+02
1.326940543038567739e+02 1.925674427409730072e+02
1.326940543038567739e+02 1.925674427409730072e+02
1.326299528023451728e+02 1.925896317222654943e+02
1.325478628267482009e+02 1.926180474830490539e+02
1.324445022613003005e+02 1.926538261403194952e+02
1.323182369466464081e+02 1.926975333646227568e+02
1.323182369466464081e+02 1.926975333646227568e+02
1.321919716319925158e+02 1.927412405889260185e+02
1.320886110665446154e+02 1.927770192461964598e+02
1.320065210909476434e+02 1.928054350069800194e+02
1.319424195894360423e+02 1.928276239882725065e+02
1.319424195894360423e+02 1.928276239882725065e+02
1.318698970191910860e+02 1.928527279548957551e+02
1.317973744489461296e+02 1.928778319215190038e+02
1.317248518787011733e+02 1.929029358881422525e+02
1.316523293084562169e+02 1.929280398547655011e+02
1.316523293084562169e+02 1.929280398547655011e+02
1.315798067382112606e+02 1.929531438213887498e+02
1.315072841679663043e+02 1.929782477880119984e+02
1.314347615977213479e+02 1.930033517546352471e+02
1.313622390274763916e+02 1.930284557212584957e+02
1.313622390274763916e+02 1.930284557212584957e+02
1.312897164572314352e+02 1.930535596878817444e+02
1.312171938869864789e+02 1.930786636545049930e+02
1.311446713167415226e+02 1.931037676211282417e+02
1.310721487464965662e+02 1.931288715877514903e+02
1.310721487464965662e+02 1.931288715877514903e+02
1.309574804946247468e+02 1.931685644441686520e+02
1.308428122427529274e+02 1.932082573005858137e+02
1.307281439908811080e+02 1.932479501570029754e+02
1.306134757390092886e+02 1.932876430134201371e+02
1.306134757390092886e+02 1.932876430134201371e+02
1.305493742374976875e+02 1.933098319947126242e+02
1.304672842619007156e+02 1.933382477554961838e+02
1.303639236964528152e+02 1.933740264127666251e+02
1.302376583817989228e+02 1.934177336370698868e+02
1.302376583817989228e+02 1.934177336370698868e+02
1.301215656249748065e+02 1.934579195913551644e+02
1.300309124121686182e+02 1.934892995496342394e+02
1.299561578578283161e+02 1.935151761261366516e+02
1.298814033034880140e+02 1.935410527026390639e+02
1.298814033034880140e+02 1.935410527026390639e+02
1.297667350516161946e+02 1.935807455590562256e+02
1.296520667997443752e+02 1.936204384154733873e+02
1.295373985478725558e+02 1.936601312718905490e+02
1.294227302960007364e+02 1.936998241283077107e+02
1.294227302960007364e+02 1.936998241283077107e+02
1.293479757416604343e+02 1.937257007048101229e+02
1.292732211873201322e+02 1.937515772813125352e+02
1.291825679745139439e+02 1.937829572395916102e+02
1.290664752176898276e+02 1.938231431938768878e+02
1.290664752176898276e+02 1.938231431938768878e+02
1.289631146522419272e+02 1.938589218511473291e+02
1.288597540867940268e+02 1.938947005084177704e+02
1.287502173929948981e+02 1.939326170562713116e+02
1.286292709218354844e+02 1.939744831424418692e+02
1.286292709218354844e+02 1.939744831424418692e+02
1.285131781650113680e+02 1.940146690967271468e+02
1.284225249522051797e+02 1.940460490550062218e+02
1.283477703978648776e+02 1.940719256315086341e+02
1.282730158435245755e+02 1.940978022080110463e+02
1.282730158435245755e+02 1.940978022080110463e+02
1.281569230867004592e+02 1.941379881622963239e+02
1.280662698738942709e+02 1.941693681205753990e+02
1.279915153195539546e+02 1.941952446970778112e+02
1.279167607652136383e+02 1.942211212735802235e+02
1.279167607652136383e+02 1.942211212735802235e+02
1.278006680083895361e+02 1.942613072278655011e+02
1.277100147955833336e+02 1.942926871861445761e+02
1.276352602412430173e+02 1.943185637626469884e+02
1.275605056869027010e+02 1.943444403391494006e+02
1.275605056869027010e+02 1.943444403391494006e+02
1.274857511325623847e+02 1.943703169156518129e+02
1.274109965782220684e+02 1.943961934921542252e+02
1.273203433654158658e+02 1.944275734504333002e+02
1.272042506085917637e+02 1.944677594047185778e+02
1.272042506085917637e+02 1.944677594047185778e+02
1.271294960542514474e+02 1.944936359812209901e+02
1.270547414999111311e+02 1.945195125577234023e+02
1.269640882871049286e+02 1.945508925160024774e+02
1.268479955302808264e+02 1.945910784702877550e+02
1.268479955302808264e+02 1.945910784702877550e+02
1.267319027734567243e+02 1.946312644245730326e+02
1.266412495606505217e+02 1.946626443828521076e+02
1.265664950063102054e+02 1.946885209593545198e+02
1.264917404519698891e+02 1.947143975358569321e+02
1.264917404519698891e+02 1.947143975358569321e+02
1.263707939808104896e+02 1.947562636220274896e+02
1.262612572870113610e+02 1.947941801698810309e+02
1.261578967215634464e+02 1.948299588271514722e+02
1.260545361561155318e+02 1.948657374844219135e+02
1.260545361561155318e+02 1.948657374844219135e+02
1.259519737536969615e+02 1.949012398544898872e+02
1.258494113512783912e+02 1.949367422245578609e+02
1.257468489488598209e+02 1.949722445946258347e+02
1.256442865464412506e+02 1.950077469646938084e+02
1.256442865464412506e+02 1.950077469646938084e+02
1.255417241440226803e+02 1.950432493347617822e+02
1.254391617416041100e+02 1.950787517048297559e+02
1.253365993391855397e+02 1.951142540748977297e+02
1.252340369367669695e+02 1.951497564449657034e+02
1.252340369367669695e+02 1.951497564449657034e+02
1.251314745343483992e+02 1.951852588150336771e+02
1.250289121319298289e+02 1.952207611851016509e+02
1.249263497295112586e+02 1.952562635551696246e+02
1.248237873270926883e+02 1.952917659252375984e+02
1.248237873270926883e+02 1.952917659252375984e+02
1.247212249246741180e+02 1.953272682953055721e+02
1.246186625222555477e+02 1.953627706653735459e+02
1.245161001198369775e+02 1.953982730354415196e+02
1.244135377174184072e+02 1.954337754055094933e+02
1.244135377174184072e+02 1.954337754055094933e+02
1.243109753149998369e+02 1.954692777755774671e+02
1.242084129125812666e+02 1.955047801456454408e+02
1.241058505101626963e+02 1.955402825157134146e+02
1.240032881077441260e+02 1.955757848857813883e+02
1.240032881077441260e+02 1.955757848857813883e+02
1.239007257053255557e+02 1.956112872558493621e+02
1.237981633029069855e+02 1.956467896259173358e+02
1.236956009004884152e+02 1.956822919959853095e+02
1.235930384980698449e+02 1.957177943660532833e+02
1.235930384980698449e+02 1.957177943660532833e+02
1.234904760956512746e+02 1.957532967361212570e+02
1.233879136932327043e+02 1.957887991061892308e+02
1.232853512908141340e+02 1.958243014762572045e+02
1.231827888883955637e+02 1.958598038463251783e+02
1.231827888883955637e+02 1.958598038463251783e+02
1.230802264859769934e+02 1.958953062163931520e+02
1.229776640835584232e+02 1.959308085864611257e+02
1.228751016811398529e+02 1.959663109565290995e+02
1.227725392787212826e+02 1.960018133265970732e+02
1.227725392787212826e+02 1.960018133265970732e+02
1.225858728886923217e+02 1.960664286154532476e+02
1.224477940286823952e+02 1.961142251439182189e+02
1.223553455284686606e+02 1.961462265478383529e+02
1.222980114025327509e+02 1.961660729760469337e+02
1.222980114025327509e+02 1.961660729760469337e+02
1.221770649313733514e+02 1.962079390622174913e+02
1.220675282375742228e+02 1.962458556100710325e+02
1.219641676721263082e+02 1.962816342673414738e+02
1.218608071066783936e+02 1.963174129246119151e+02
1.218608071066783936e+02 1.963174129246119151e+02
1.217574465412304789e+02 1.963531915818823563e+02
1.216311812265765866e+02 1.963968988061856180e+02
1.214811234587726005e+02 1.964488418796562428e+02
1.213067485222974398e+02 1.965092024345899517e+02
1.213067485222974398e+02 1.965092024345899517e+02
1.211906557654733376e+02 1.965493883888752293e+02
1.211000025526671351e+02 1.965807683471543044e+02
1.210252479983268188e+02 1.966066449236567166e+02
1.209504934439865025e+02 1.966325215001591289e+02
1.209504934439865025e+02 1.966325215001591289e+02
1.208779708737415461e+02 1.966576254667823775e+02
1.208054483034965898e+02 1.966827294334056262e+02
1.207329257332516335e+02 1.967078334000288748e+02
1.206604031630066771e+02 1.967329373666521235e+02
1.206604031630066771e+02 1.967329373666521235e+02
1.205963016614950618e+02 1.967551263479446106e+02
1.205142116858980899e+02 1.967835421087281702e+02
1.204108511204501752e+02 1.968193207659986115e+02
1.202845858057962829e+02 1.968630279903018732e+02
1.202845858057962829e+02 1.968630279903018732e+02
1.201583204911423906e+02 1.969067352146051348e+02
1.200549599256944759e+02 1.969425138718755761e+02
1.199728699500975040e+02 1.969709296326591357e+02
1.199087684485858887e+02 1.969931186139516228e+02
1.199087684485858887e+02 1.969931186139516228e+02
1.198362458783409323e+02 1.970182225805748715e+02
1.197637233080959760e+02 1.970433265471981201e+02
1.196912007378510197e+02 1.970684305138213688e+02
1.196186781676060633e+02 1.970935344804446174e+02
1.196186781676060633e+02 1.970935344804446174e+02
1.195461555973611070e+02 1.971186384470678661e+02
1.194736330271161506e+02 1.971437424136911147e+02
1.194011104568711943e+02 1.971688463803143634e+02
1.193285878866262379e+02 1.971939503469376120e+02
1.193285878866262379e+02 1.971939503469376120e+02
1.192560653163812816e+02 1.972190543135608607e+02
1.191835427461363253e+02 1.972441582801841093e+02
1.191110201758913689e+02 1.972692622468073580e+02
1.190384976056464126e+02 1.972943662134306066e+02
1.190384976056464126e+02 1.972943662134306066e+02
1.189743961041347973e+02 1.973165551947230938e+02
1.188923061285378253e+02 1.973449709555066534e+02
1.187889455630899107e+02 1.973807496127770946e+02
1.186626802484360184e+02 1.974244568370803563e+02
1.186626802484360184e+02 1.974244568370803563e+02
1.185410562007079704e+02 1.974665574689862240e+02
1.184307718074862237e+02 1.975047328358706693e+02
1.183204874142644769e+02 1.975429082027551146e+02
1.181988633665364290e+02 1.975850088346609823e+02
1.181988633665364290e+02 1.975850088346609823e+02
1.181263407962914727e+02 1.976101128012842310e+02
1.180538182260465163e+02 1.976352167679074796e+02
1.179812956558015600e+02 1.976603207345307283e+02
1.179087730855566036e+02 1.976854247011539769e+02
1.179087730855566036e+02 1.976854247011539769e+02
1.177871490378285557e+02 1.977275253330598446e+02
1.176768646446068090e+02 1.977657006999442899e+02
1.175665802513850622e+02 1.978038760668287352e+02
1.174449562036570143e+02 1.978459766987346029e+02
1.174449562036570143e+02 1.978459766987346029e+02
1.173724336334120579e+02 1.978710806653578516e+02
1.172999110631671016e+02 1.978961846319811002e+02
1.172273884929221452e+02 1.979212885986043489e+02
1.171548659226771889e+02 1.979463925652275975e+02
1.171548659226771889e+02 1.979463925652275975e+02
1.170823433524322326e+02 1.979714965318508462e+02
1.170098207821872762e+02 1.979966004984740948e+02
1.169372982119423199e+02 1.980217044650973435e+02
1.168647756416973635e+02 1.980468084317205921e+02
1.168647756416973635e+02 1.980468084317205921e+02
1.168006741401857482e+02 1.980689974130130793e+02
1.167185841645887763e+02 1.980974131737966388e+02
1.166152235991408617e+02 1.981331918310670801e+02
1.164889582844869693e+02 1.981768990553703418e+02
1.164889582844869693e+02 1.981768990553703418e+02
1.164164357142420130e+02 1.982020030219935904e+02
1.163439131439970566e+02 1.982271069886168391e+02
1.162713905737521003e+02 1.982522109552400877e+02
1.161988680035071440e+02 1.982773149218633364e+02
1.161988680035071440e+02 1.982773149218633364e+02
1.160841997516353246e+02 1.983170077782804981e+02
1.159695314997635052e+02 1.983567006346976598e+02
1.158548632478916858e+02 1.983963934911148215e+02
1.157401949960198664e+02 1.984360863475319832e+02
1.157401949960198664e+02 1.984360863475319832e+02
1.156368344305719518e+02 1.984718650048024244e+02
1.155334738651240372e+02 1.985076436620728657e+02
1.154239371713249085e+02 1.985455602099264070e+02
1.153029907001655090e+02 1.985874262960969645e+02
1.153029907001655090e+02 1.985874262960969645e+02
1.152304681299205527e+02 1.986125302627202132e+02
1.151579455596755963e+02 1.986376342293434618e+02
1.150854229894306400e+02 1.986627381959667105e+02
1.150129004191856836e+02 1.986878421625899591e+02
1.150129004191856836e+02 1.986878421625899591e+02
1.148385254827105229e+02 1.987482027175236681e+02
1.146884677149065368e+02 1.988001457909942928e+02
1.145622024002526445e+02 1.988438530152975545e+02
1.144588418348047298e+02 1.988796316725679958e+02
1.144588418348047298e+02 1.988796316725679958e+02
1.142844668983295691e+02 1.989399922275017047e+02
1.141344091305255830e+02 1.989919353009723295e+02
1.140081438158716907e+02 1.990356425252755912e+02
1.139047832504237761e+02 1.990714211825460325e+02
1.139047832504237761e+02 1.990714211825460325e+02
1.138406817489121607e+02 1.990936101638385196e+02
1.137585917733151888e+02 1.991220259246220792e+02
1.136552312078672742e+02 1.991578045818925204e+02
1.135289658932133818e+02 1.992015118061957821e+02
1.135289658932133818e+02 1.992015118061957821e+02
1.133503997727725334e+02 1.992633231555791440e+02
1.132042258593015447e+02 1.993139218179344994e+02
1.130881331024774425e+02 1.993541077722197770e+02
1.129974798896712400e+02 1.993854877304988520e+02
1.129974798896712400e+02 1.993854877304988520e+02
1.128189137692303916e+02 1.994472990798822138e+02
1.126727398557594029e+02 1.994978977422375692e+02
1.125566470989353007e+02 1.995380836965228468e+02
1.124659938861290982e+02 1.995694636548019218e+02
1.124659938861290982e+02 1.995694636548019218e+02
1.123626333206811836e+02 1.996052423120723631e+02
1.122592727552332690e+02 1.996410209693428044e+02
1.121497360614341403e+02 1.996789375171963457e+02
1.120287895902747408e+02 1.997208036033669032e+02
1.120287895902747408e+02 1.997208036033669032e+02
1.119540350359344245e+02 1.997466801798693155e+02
1.118792804815941082e+02 1.997725567563717277e+02
1.117886272687879057e+02 1.998039367146508027e+02
1.116725345119638035e+02 1.998441226689360803e+02
1.116725345119638035e+02 1.998441226689360803e+02
1.115515880408044040e+02 1.998859887551066379e+02
1.114420513470052754e+02 1.999239053029601791e+02
1.113386907815573608e+02 1.999596839602306204e+02
1.112353302161094462e+02 1.999954626175010617e+02
1.112353302161094462e+02 1.999954626175010617e+02
1.111327678136908759e+02 2.000309649875690354e+02
1.110302054112723056e+02 2.000664673576370092e+02
1.109276430088537353e+02 2.001019697277049829e+02
1.108250806064351650e+02 2.001374720977729567e+02
1.108250806064351650e+02 2.001374720977729567e+02
1.107225182040165947e+02 2.001729744678409304e+02
1.106199558015980244e+02 2.002084768379089041e+02
1.105173933991794541e+02 2.002439792079768779e+02
1.104148309967608839e+02 2.002794815780448516e+02
1.104148309967608839e+02 2.002794815780448516e+02
1.103122685943423136e+02 2.003149839481128254e+02
1.102097061919237433e+02 2.003504863181807991e+02
1.101071437895051730e+02 2.003859886882487729e+02
1.100045813870866027e+02 2.004214910583167466e+02
1.100045813870866027e+02 2.004214910583167466e+02
1.099020189846680324e+02 2.004569934283847203e+02
1.097994565822494621e+02 2.004924957984526941e+02
1.096968941798308919e+02 2.005279981685206678e+02
1.095943317774123216e+02 2.005635005385886416e+02
1.095943317774123216e+02 2.005635005385886416e+02
1.094917693749937513e+02 2.005990029086566153e+02
1.093892069725751810e+02 2.006345052787245891e+02
1.092866445701566107e+02 2.006700076487925628e+02
1.091840821677380404e+02 2.007055100188605365e+02
1.091840821677380404e+02 2.007055100188605365e+02
1.090815197653194701e+02 2.007410123889285103e+02
1.089789573629008999e+02 2.007765147589964840e+02
1.088763949604823296e+02 2.008120171290644578e+02
1.087738325580637593e+02 2.008475194991324315e+02
1.087738325580637593e+02 2.008475194991324315e+02
1.086712701556451890e+02 2.008830218692004053e+02
1.085687077532266187e+02 2.009185242392683790e+02
1.084661453508080484e+02 2.009540266093363527e+02
1.083635829483894781e+02 2.009895289794043265e+02
1.083635829483894781e+02 2.009895289794043265e+02
1.082610205459709078e+02 2.010250313494723002e+02
1.081584581435523376e+02 2.010605337195402740e+02
1.080558957411337673e+02 2.010960360896082477e+02
1.079533333387151970e+02 2.011315384596762215e+02
1.079533333387151970e+02 2.011315384596762215e+02
1.078507709362966267e+02 2.011670408297441952e+02
1.077482085338780564e+02 2.012025431998121690e+02
1.076456461314594861e+02 2.012380455698801427e+02
1.075430837290409158e+02 2.012735479399481164e+02
1.075430837290409158e+02 2.012735479399481164e+02
1.074405213266223456e+02 2.013090503100160902e+02
1.073379589242037753e+02 2.013445526800840639e+02
1.072353965217852050e+02 2.013800550501520377e+02
1.071328341193666347e+02 2.014155574202200114e+02
1.071328341193666347e+02 2.014155574202200114e+02
1.070302717169480644e+02 2.014510597902879852e+02
1.069277093145294941e+02 2.014865621603559589e+02
1.068251469121109238e+02 2.015220645304239326e+02
1.067225845096923535e+02 2.015575669004919064e+02
1.067225845096923535e+02 2.015575669004919064e+02
1.066200221072737833e+02 2.015930692705598801e+02
1.065174597048552130e+02 2.016285716406278539e+02
1.064148973024366427e+02 2.016640740106958276e+02
1.063123349000180724e+02 2.016995763807638014e+02
1.063123349000180724e+02 2.016995763807638014e+02
1.062097724975995021e+02 2.017350787508317751e+02
1.061072100951809318e+02 2.017705811208997488e+02
1.060046476927623615e+02 2.018060834909677226e+02
1.059020852903437913e+02 2.018415858610356963e+02
1.059020852903437913e+02 2.018415858610356963e+02
1.057995228879252210e+02 2.018770882311036701e+02
1.056969604855066507e+02 2.019125906011716438e+02
1.055943980830880804e+02 2.019480929712396176e+02
1.054918356806695101e+02 2.019835953413075913e+02
1.054918356806695101e+02 2.019835953413075913e+02
1.053892732782509398e+02 2.020190977113755650e+02
1.052867108758323695e+02 2.020546000814435388e+02
1.051841484734137993e+02 2.020901024515115125e+02
1.050815860709952290e+02 2.021256048215794863e+02
1.050815860709952290e+02 2.021256048215794863e+02
1.049790236685766587e+02 2.021611071916474600e+02
1.048764612661580884e+02 2.021966095617154338e+02
1.047738988637395181e+02 2.022321119317834075e+02
1.046713364613209478e+02 2.022676143018513812e+02
1.046713364613209478e+02 2.022676143018513812e+02
1.045687740589023775e+02 2.023031166719193550e+02
1.044662116564838072e+02 2.023386190419873287e+02
1.043636492540652370e+02 2.023741214120553025e+02
1.042610868516466667e+02 2.024096237821232762e+02
1.042610868516466667e+02 2.024096237821232762e+02
1.041585244492280964e+02 2.024451261521912500e+02
1.040559620468095261e+02 2.024806285222592237e+02
1.039533996443909558e+02 2.025161308923271974e+02
1.038508372419723855e+02 2.025516332623951712e+02
1.038508372419723855e+02 2.025516332623951712e+02
1.037474766765244709e+02 2.025874119196656125e+02
1.036441161110765563e+02 2.026231905769360537e+02
1.035345794172774276e+02 2.026611071247895950e+02
1.034136329461180281e+02 2.027029732109601525e+02
1.034136329461180281e+02 2.027029732109601525e+02
1.032926864749586287e+02 2.027448392971307101e+02
1.031831497811595000e+02 2.027827558449842513e+02
1.030797892157115854e+02 2.028185345022546926e+02
1.029764286502636708e+02 2.028543131595251339e+02
1.029764286502636708e+02 2.028543131595251339e+02
1.029123271487520555e+02 2.028765021408176210e+02
1.028302371731550835e+02 2.029049179016011806e+02
1.027268766077071689e+02 2.029406965588716218e+02
1.026006112930532765e+02 2.029844037831748835e+02
1.026006112930532765e+02 2.029844037831748835e+02
1.025258567387129602e+02 2.030102803596772958e+02
1.024511021843726439e+02 2.030361569361797081e+02
1.023604489715664414e+02 2.030675368944587831e+02
1.022443562147423393e+02 2.031077228487440607e+02
1.022443562147423393e+02 2.031077228487440607e+02
1.021282634579182371e+02 2.031479088030293383e+02
1.020376102451120346e+02 2.031792887613084133e+02
1.019628556907717183e+02 2.032051653378108256e+02
1.018881011364314020e+02 2.032310419143132378e+02
1.018881011364314020e+02 2.032310419143132378e+02
1.017855387340128317e+02 2.032665442843812116e+02
1.016829763315942614e+02 2.033020466544491853e+02
1.015804139291756911e+02 2.033375490245171591e+02
1.014778515267571208e+02 2.033730513945851328e+02
1.014778515267571208e+02 2.033730513945851328e+02
1.013617587699330187e+02 2.034132373488704104e+02
1.012711055571268162e+02 2.034446173071494854e+02
1.011963510027864999e+02 2.034704938836518977e+02
1.011215964484461836e+02 2.034963704601543100e+02
1.011215964484461836e+02 2.034963704601543100e+02
1.009953311337922912e+02 2.035400776844575716e+02
1.008919705683443766e+02 2.035758563417280129e+02
1.008098805927474046e+02 2.036042721025115725e+02
1.007457790912357893e+02 2.036264610838040596e+02
1.007457790912357893e+02 2.036264610838040596e+02
1.006816775897241740e+02 2.036486500650965468e+02
1.005995876141272021e+02 2.036770658258801063e+02
1.004962270486792875e+02 2.037128444831505476e+02
1.003699617340253951e+02 2.037565517074538093e+02
1.003699617340253951e+02 2.037565517074538093e+02
1.002952071796850788e+02 2.037824282839562215e+02
1.002204526253447625e+02 2.038083048604586338e+02
1.001297994125385600e+02 2.038396848187377088e+02
1.000137066557144578e+02 2.038798707730229864e+02
1.000137066557144578e+02 2.038798707730229864e+02
9.994960515420284253e+01 2.039020597543154736e+02
9.986751517860587057e+01 2.039304755150990331e+02
9.976415461315795596e+01 2.039662541723694744e+02
9.963788929850406362e+01 2.040099613966727361e+02
9.963788929850406362e+01 2.040099613966727361e+02
9.957378779699244831e+01 2.040321503779652232e+02
9.949169782139547635e+01 2.040605661387487828e+02
9.938833725594756174e+01 2.040963447960192241e+02
9.926207194129366940e+01 2.041400520203224858e+02
9.926207194129366940e+01 2.041400520203224858e+02
9.919797043978205409e+01 2.041622410016149729e+02
9.911588046418508213e+01 2.041906567623985325e+02
9.901251989873716752e+01 2.042264354196689737e+02
9.888625458408327518e+01 2.042701426439722354e+02
9.888625458408327518e+01 2.042701426439722354e+02
9.875998926942938283e+01 2.043138498682754971e+02
9.865662870398146822e+01 2.043496285255459384e+02
9.857453872838449627e+01 2.043780442863294979e+02
9.851043722687288096e+01 2.044002332676219851e+02
9.851043722687288096e+01 2.044002332676219851e+02
9.844633572536126565e+01 2.044224222489144722e+02
9.836424574976429369e+01 2.044508380096980318e+02
9.826088518431637908e+01 2.044866166669684731e+02
9.813461986966248674e+01 2.045303238912717347e+02
9.813461986966248674e+01 2.045303238912717347e+02
9.806209729941753039e+01 2.045554278578949834e+02
9.798957472917257405e+01 2.045805318245182320e+02
9.791705215892761771e+01 2.046056357911414807e+02
9.784452958868266137e+01 2.046307397577647293e+02
9.784452958868266137e+01 2.046307397577647293e+02
9.777200701843770503e+01 2.046558437243879780e+02
9.769948444819274869e+01 2.046809476910112267e+02
9.762696187794779235e+01 2.047060516576344753e+02
9.755443930770283600e+01 2.047311556242577240e+02
9.755443930770283600e+01 2.047311556242577240e+02
9.749033780619122069e+01 2.047533446055502111e+02
9.740824783059424874e+01 2.047817603663337707e+02
9.730488726514633413e+01 2.048175390236042119e+02
9.717862195049244178e+01 2.048612462479074736e+02
9.717862195049244178e+01 2.048612462479074736e+02
9.710609938024748544e+01 2.048863502145307223e+02
9.703357681000252910e+01 2.049114541811539709e+02
9.696105423975757276e+01 2.049365581477772196e+02
9.688853166951261642e+01 2.049616621144004682e+02
9.688853166951261642e+01 2.049616621144004682e+02
9.681600909926766008e+01 2.049867660810237169e+02
9.674348652902270373e+01 2.050118700476469655e+02
9.667096395877774739e+01 2.050369740142702142e+02
9.659844138853279105e+01 2.050620779808934628e+02
9.659844138853279105e+01 2.050620779808934628e+02
9.652591881828783471e+01 2.050871819475167115e+02
9.645339624804287837e+01 2.051122859141399601e+02
9.638087367779792203e+01 2.051373898807632088e+02
9.630835110755296569e+01 2.051624938473864574e+02
9.630835110755296569e+01 2.051624938473864574e+02
9.624424960604135038e+01 2.051846828286789446e+02
9.616215963044437842e+01 2.052130985894625042e+02
9.605879906499646381e+01 2.052488772467329454e+02
9.593253375034257147e+01 2.052925844710362071e+02
9.593253375034257147e+01 2.052925844710362071e+02
9.581786549847075207e+01 2.053322773274533688e+02
9.570319724659893268e+01 2.053719701838705305e+02
9.558852899472711329e+01 2.054116630402876922e+02
9.547386074285529389e+01 2.054513558967048539e+02
9.547386074285529389e+01 2.054513558967048539e+02
9.537050017740737928e+01 2.054871345539752951e+02
9.526713961195946467e+01 2.055229132112457364e+02
9.515760291816033600e+01 2.055608297590992777e+02
9.503665644700093651e+01 2.056026958452698352e+02
9.503665644700093651e+01 2.056026958452698352e+02
9.494600323419473398e+01 2.056340758035489102e+02
9.482991047737063184e+01 2.056742617578341878e+02
9.468373656389964310e+01 2.057248604201895432e+02
9.450517044345879469e+01 2.057866717695729051e+02
9.450517044345879469e+01 2.057866717695729051e+02
9.443264787321383835e+01 2.058117757361961537e+02
9.436012530296888201e+01 2.058368797028194024e+02
9.428760273272392567e+01 2.058619836694426510e+02
9.421508016247896933e+01 2.058870876360658997e+02
9.421508016247896933e+01 2.058870876360658997e+02
9.415097866096735402e+01 2.059092766173583868e+02
9.406888868537038206e+01 2.059376923781419464e+02
9.396552811992246745e+01 2.059734710354123877e+02
9.383926280526857511e+01 2.060171782597156493e+02
9.383926280526857511e+01 2.060171782597156493e+02
9.373670040285000482e+01 2.060526806297836231e+02
9.363413800043143453e+01 2.060881829998515968e+02
9.353157559801286425e+01 2.061236853699195706e+02
9.342901319559429396e+01 2.061591877399875443e+02
9.342901319559429396e+01 2.061591877399875443e+02
9.335425864125397766e+01 2.061850643164899566e+02
9.327950408691366135e+01 2.062109408929923688e+02
9.318885087410745882e+01 2.062423208512714439e+02
9.307275811728335668e+01 2.062825068055567215e+02
9.307275811728335668e+01 2.062825068055567215e+02
9.295808986541153729e+01 2.063221996619738832e+02
9.284342161353971790e+01 2.063618925183910449e+02
9.272875336166789850e+01 2.064015853748082066e+02
9.261408510979607911e+01 2.064412782312253682e+02
9.261408510979607911e+01 2.064412782312253682e+02
9.254998360828446380e+01 2.064634672125178554e+02
9.246789363268749184e+01 2.064918829733014149e+02
9.236453306723957724e+01 2.065276616305718562e+02
9.223826775258568489e+01 2.065713688548751179e+02
9.223826775258568489e+01 2.065713688548751179e+02
9.211732128142628540e+01 2.066132349410456754e+02
9.200778458762715672e+01 2.066511514888992167e+02
9.190442402217924212e+01 2.066869301461696580e+02
9.180106345673132751e+01 2.067227088034400992e+02
9.180106345673132751e+01 2.067227088034400992e+02
9.169850105431275722e+01 2.067582111735080730e+02
9.159593865189418693e+01 2.067937135435760467e+02
9.149337624947561665e+01 2.068292159136440205e+02
9.139081384705704636e+01 2.068647182837119942e+02
9.139081384705704636e+01 2.068647182837119942e+02
9.128825144463847607e+01 2.069002206537799680e+02
9.118568904221990579e+01 2.069357230238479417e+02
9.108312663980133550e+01 2.069712253939159154e+02
9.098056423738276521e+01 2.070067277639838892e+02
9.098056423738276521e+01 2.070067277639838892e+02
9.087800183496419493e+01 2.070422301340518629e+02
9.077543943254562464e+01 2.070777325041198367e+02
9.067287703012705435e+01 2.071132348741878104e+02
9.057031462770848407e+01 2.071487372442557842e+02
9.057031462770848407e+01 2.071487372442557842e+02
9.046775222528991378e+01 2.071842396143237579e+02
9.036518982287134349e+01 2.072197419843917316e+02
9.026262742045277321e+01 2.072552443544597054e+02
9.016006501803420292e+01 2.072907467245276791e+02
9.016006501803420292e+01 2.072907467245276791e+02
9.005750261561563264e+01 2.073262490945956529e+02
8.995494021319706235e+01 2.073617514646636266e+02
8.985237781077849206e+01 2.073972538347316004e+02
8.974981540835992178e+01 2.074327562047995741e+02
8.974981540835992178e+01 2.074327562047995741e+02
8.964725300594135149e+01 2.074682585748675478e+02
8.954469060352278120e+01 2.075037609449355216e+02
8.944212820110421092e+01 2.075392633150034953e+02
8.933956579868564063e+01 2.075747656850714691e+02
8.933956579868564063e+01 2.075747656850714691e+02
8.923700339626707034e+01 2.076102680551394428e+02
8.913444099384850006e+01 2.076457704252074166e+02
8.903187859142992977e+01 2.076812727952753903e+02
8.892931618901135948e+01 2.077167751653433641e+02
8.892931618901135948e+01 2.077167751653433641e+02
8.882675378659278920e+01 2.077522775354113378e+02
8.872419138417421891e+01 2.077877799054793115e+02
8.862162898175564862e+01 2.078232822755472853e+02
8.851906657933707834e+01 2.078587846456152590e+02
8.851906657933707834e+01 2.078587846456152590e+02
8.841650417691850805e+01 2.078942870156832328e+02
8.831394177449993776e+01 2.079297893857512065e+02
8.821137937208136748e+01 2.079652917558191803e+02
8.810881696966279719e+01 2.080007941258871540e+02
8.810881696966279719e+01 2.080007941258871540e+02
8.800625456724422691e+01 2.080362964959551277e+02
8.790369216482565662e+01 2.080717988660231015e+02
8.780112976240708633e+01 2.081073012360910752e+02
8.769856735998851605e+01 2.081428036061590490e+02
8.769856735998851605e+01 2.081428036061590490e+02
8.759600495756994576e+01 2.081783059762270227e+02
8.749344255515137547e+01 2.082138083462949965e+02
8.739088015273280519e+01 2.082493107163629702e+02
8.728831775031423490e+01 2.082848130864309439e+02
8.728831775031423490e+01 2.082848130864309439e+02
8.718575534789566461e+01 2.083203154564989177e+02
8.708319294547709433e+01 2.083558178265668914e+02
8.698063054305852404e+01 2.083913201966348652e+02
8.687806814063995375e+01 2.084268225667028389e+02
8.687806814063995375e+01 2.084268225667028389e+02
8.676197538381585161e+01 2.084670085209881165e+02
8.667132217100964908e+01 2.084983884792671915e+02
8.659656761666933278e+01 2.085242650557696038e+02
8.652181306232901647e+01 2.085501416322720161e+02
8.652181306232901647e+01 2.085501416322720161e+02
8.640714481045719708e+01 2.085898344886891778e+02
8.629247655858537769e+01 2.086295273451063395e+02
8.617780830671355830e+01 2.086692202015235011e+02
8.606314005484173890e+01 2.087089130579406628e+02
8.606314005484173890e+01 2.087089130579406628e+02
8.596057765242316862e+01 2.087444154280086366e+02
8.585801525000459833e+01 2.087799177980766103e+02
8.575545284758602804e+01 2.088154201681445841e+02
8.565289044516745776e+01 2.088509225382125578e+02
8.565289044516745776e+01 2.088509225382125578e+02
8.554952987971954315e+01 2.088867011954829991e+02
8.544616931427162854e+01 2.089224798527534404e+02
8.533663262047249987e+01 2.089603964006069816e+02
8.521568614931310037e+01 2.090022624867775392e+02
8.521568614931310037e+01 2.090022624867775392e+02
8.514316357906814403e+01 2.090273664534007878e+02
8.507064100882318769e+01 2.090524704200240365e+02
8.499811843857823135e+01 2.090775743866472851e+02
8.492559586833327501e+01 2.091026783532705338e+02
8.492559586833327501e+01 2.091026783532705338e+02
8.481092761646145561e+01 2.091423712096876955e+02
8.469625936458963622e+01 2.091820640661048571e+02
8.458159111271781683e+01 2.092217569225220188e+02
8.446692286084599743e+01 2.092614497789391805e+02
8.446692286084599743e+01 2.092614497789391805e+02
8.435083010402189529e+01 2.093016357332244581e+02
8.426017689121569276e+01 2.093330156915035332e+02
8.418542233687537646e+01 2.093588922680059454e+02
8.411066778253506016e+01 2.093847688445083577e+02
8.411066778253506016e+01 2.093847688445083577e+02
8.400810538011648987e+01 2.094202712145763314e+02
8.390554297769791958e+01 2.094557735846443052e+02
8.380298057527934930e+01 2.094912759547122789e+02
8.370041817286077901e+01 2.095267783247802527e+02
8.370041817286077901e+01 2.095267783247802527e+02
8.360976496005457648e+01 2.095581582830593277e+02
8.349367220323047434e+01 2.095983442373446053e+02
8.334749828975948560e+01 2.096489428996999607e+02
8.316893216931863719e+01 2.097107542490833225e+02
8.316893216931863719e+01 2.097107542490833225e+02
8.309640959907368085e+01 2.097358582157065712e+02
8.302388702882872451e+01 2.097609621823298198e+02
8.295136445858376817e+01 2.097860661489530685e+02
8.287884188833881183e+01 2.098111701155763171e+02
8.287884188833881183e+01 2.098111701155763171e+02
8.280631931809385549e+01 2.098362740821995658e+02
8.273379674784889914e+01 2.098613780488228144e+02
8.266127417760394280e+01 2.098864820154460631e+02
8.258875160735898646e+01 2.099115859820693117e+02
8.258875160735898646e+01 2.099115859820693117e+02
8.251622903711403012e+01 2.099366899486925604e+02
8.244370646686907378e+01 2.099617939153158090e+02
8.237118389662411744e+01 2.099868978819390577e+02
8.229866132637916110e+01 2.100120018485623063e+02
8.229866132637916110e+01 2.100120018485623063e+02
8.222613875613420475e+01 2.100371058151855550e+02
8.215361618588924841e+01 2.100622097818088037e+02
8.208109361564429207e+01 2.100873137484320523e+02
8.200857104539933573e+01 2.101124177150553010e+02
8.200857104539933573e+01 2.101124177150553010e+02
8.188230573074544338e+01 2.101561249393585626e+02
8.177894516529752877e+01 2.101919035966290039e+02
8.169685518970055682e+01 2.102203193574125635e+02
8.163275368818894151e+01 2.102425083387050506e+02
8.163275368818894151e+01 2.102425083387050506e+02
8.156865218667732620e+01 2.102646973199975378e+02
8.148656221108035425e+01 2.102931130807810973e+02
8.138320164563243964e+01 2.103288917380515386e+02
8.125693633097854729e+01 2.103725989623548003e+02
8.125693633097854729e+01 2.103725989623548003e+02
8.113067101632465494e+01 2.104163061866580620e+02
8.102731045087674033e+01 2.104520848439285032e+02
8.094522047527976838e+01 2.104805006047120628e+02
8.088111897376815307e+01 2.105026895860045499e+02
8.088111897376815307e+01 2.105026895860045499e+02
8.080859640352319673e+01 2.105277935526277986e+02
8.073607383327824039e+01 2.105528975192510472e+02
8.066355126303328404e+01 2.105780014858742959e+02
8.059102869278832770e+01 2.106031054524975445e+02
8.059102869278832770e+01 2.106031054524975445e+02
8.046476337813443536e+01 2.106468126768008062e+02
8.036140281268652075e+01 2.106825913340712475e+02
8.027931283708954879e+01 2.107110070948548071e+02
8.021521133557793348e+01 2.107331960761472942e+02
8.021521133557793348e+01 2.107331960761472942e+02
8.008894602092404114e+01 2.107769033004505559e+02
7.998558545547612653e+01 2.108126819577209972e+02
7.990349547987915457e+01 2.108410977185045567e+02
7.983939397836753926e+01 2.108632866997970439e+02
7.983939397836753926e+01 2.108632866997970439e+02
7.977529247685592395e+01 2.108854756810895310e+02
7.969320250125895200e+01 2.109138914418730906e+02
7.958984193581103739e+01 2.109496700991435318e+02
7.946357662115714504e+01 2.109933773234467935e+02
7.946357662115714504e+01 2.109933773234467935e+02
7.939105405091218870e+01 2.110184812900700422e+02
7.931853148066723236e+01 2.110435852566932908e+02
7.924600891042227602e+01 2.110686892233165395e+02
7.917348634017731968e+01 2.110937931899397881e+02
7.917348634017731968e+01 2.110937931899397881e+02
7.910096376993236333e+01 2.111188971565630368e+02
7.902844119968740699e+01 2.111440011231862854e+02
7.895591862944245065e+01 2.111691050898095341e+02
7.888339605919749431e+01 2.111942090564327827e+02
7.888339605919749431e+01 2.111942090564327827e+02
7.881087348895253797e+01 2.112193130230560314e+02
7.873835091870758163e+01 2.112444169896792801e+02
7.866582834846262529e+01 2.112695209563025287e+02
7.859330577821766894e+01 2.112946249229257774e+02
7.859330577821766894e+01 2.112946249229257774e+02
7.852078320797271260e+01 2.113197288895490260e+02
7.844826063772775626e+01 2.113448328561722747e+02
7.837573806748279992e+01 2.113699368227955233e+02
7.830321549723784358e+01 2.113950407894187720e+02
7.830321549723784358e+01 2.113950407894187720e+02
7.823069292699288724e+01 2.114201447560420206e+02
7.815817035674793090e+01 2.114452487226652693e+02
7.808564778650297455e+01 2.114703526892885179e+02
7.801312521625801821e+01 2.114954566559117666e+02
7.801312521625801821e+01 2.114954566559117666e+02
7.794060264601306187e+01 2.115205606225350152e+02
7.786808007576810553e+01 2.115456645891582639e+02
7.779555750552314919e+01 2.115707685557815125e+02
7.772303493527819285e+01 2.115958725224047612e+02
7.772303493527819285e+01 2.115958725224047612e+02
7.765051236503323651e+01 2.116209764890280098e+02
7.757798979478828016e+01 2.116460804556512585e+02
7.750546722454332382e+01 2.116711844222745071e+02
7.743294465429836748e+01 2.116962883888977558e+02
7.743294465429836748e+01 2.116962883888977558e+02
7.736042208405341114e+01 2.117213923555210044e+02
7.728789951380845480e+01 2.117464963221442531e+02
7.721537694356349846e+01 2.117716002887675018e+02
7.714285437331854212e+01 2.117967042553907504e+02
7.714285437331854212e+01 2.117967042553907504e+02
7.707033180307358577e+01 2.118218082220139991e+02
7.699780923282862943e+01 2.118469121886372477e+02
7.692528666258367309e+01 2.118720161552604964e+02
7.685276409233871675e+01 2.118971201218837450e+02
7.685276409233871675e+01 2.118971201218837450e+02
7.678024152209376041e+01 2.119222240885069937e+02
7.670771895184880407e+01 2.119473280551302423e+02
7.663519638160384773e+01 2.119724320217534910e+02
7.656267381135889138e+01 2.119975359883767396e+02
7.656267381135889138e+01 2.119975359883767396e+02
7.649857230984727607e+01 2.120197249696692268e+02
7.641648233425030412e+01 2.120481407304527863e+02
7.631312176880238951e+01 2.120839193877232276e+02
7.618685645414849716e+01 2.121276266120264893e+02
7.618685645414849716e+01 2.121276266120264893e+02
7.612275495263688185e+01 2.121498155933189764e+02
7.604066497703990990e+01 2.121782313541025360e+02
7.593730441159199529e+01 2.122140100113729773e+02
7.581103909693810294e+01 2.122577172356762389e+02
7.581103909693810294e+01 2.122577172356762389e+02
7.569494634011400080e+01 2.122979031899615165e+02
7.560429312730779827e+01 2.123292831482405916e+02
7.552953857296748197e+01 2.123551597247430038e+02
7.545478401862716566e+01 2.123810363012454161e+02
7.545478401862716566e+01 2.123810363012454161e+02
7.535222161620859538e+01 2.124165386713133898e+02
7.524965921379002509e+01 2.124520410413813636e+02
7.514709681137145481e+01 2.124875434114493373e+02
7.504453440895288452e+01 2.125230457815173111e+02
7.504453440895288452e+01 2.125230457815173111e+02
7.494197200653431423e+01 2.125585481515852848e+02
7.483940960411574395e+01 2.125940505216532586e+02
7.473684720169717366e+01 2.126295528917212323e+02
7.463428479927860337e+01 2.126650552617892060e+02
7.463428479927860337e+01 2.126650552617892060e+02
7.454363158647240084e+01 2.126964352200682811e+02
7.442753882964829870e+01 2.127366211743535587e+02
7.428136491617730996e+01 2.127872198367089140e+02
7.410279879573646156e+01 2.128490311860922759e+02
7.410279879573646156e+01 2.128490311860922759e+02
7.397653348108256921e+01 2.128927384103955376e+02
7.387317291563465460e+01 2.129285170676659789e+02
7.379108294003768265e+01 2.129569328284495384e+02
7.372698143852606734e+01 2.129791218097420256e+02
7.372698143852606734e+01 2.129791218097420256e+02
7.362441903610749705e+01 2.130146241798099993e+02
7.352185663368892676e+01 2.130501265498779730e+02
7.341929423127035648e+01 2.130856289199459468e+02
7.331673182885178619e+01 2.131211312900139205e+02
7.331673182885178619e+01 2.131211312900139205e+02
7.320206357697996680e+01 2.131608241464310822e+02
7.308739532510814740e+01 2.132005170028482439e+02
7.297272707323632801e+01 2.132402098592654056e+02
7.285805882136450862e+01 2.132799027156825673e+02
7.285805882136450862e+01 2.132799027156825673e+02
7.273179350671061627e+01 2.133236099399858290e+02
7.262843294126270166e+01 2.133593885972562703e+02
7.254634296566572971e+01 2.133878043580398298e+02
7.248224146415411440e+01 2.134099933393323170e+02
7.248224146415411440e+01 2.134099933393323170e+02
7.240748690981379809e+01 2.134358699158347292e+02
7.233273235547348179e+01 2.134617464923371415e+02
7.224207914266727926e+01 2.134931264506162165e+02
7.212598638584317712e+01 2.135333124049014941e+02
7.212598638584317712e+01 2.135333124049014941e+02
7.202342398342460683e+01 2.135688147749694679e+02
7.192086158100603654e+01 2.136043171450374416e+02
7.181829917858746626e+01 2.136398195151054153e+02
7.171573677616889597e+01 2.136753218851733891e+02
7.171573677616889597e+01 2.136753218851733891e+02
7.165840265023298628e+01 2.136951683133819699e+02
7.156595415001925176e+01 2.137271697173021039e+02
7.142787529000932523e+01 2.137749662457670752e+02
7.124120889998036432e+01 2.138395815346232496e+02
7.124120889998036432e+01 2.138395815346232496e+02
7.113864649756179404e+01 2.138750839046912233e+02
7.103608409514322375e+01 2.139105862747591971e+02
7.093352169272465346e+01 2.139460886448271708e+02
7.083095929030608318e+01 2.139815910148951446e+02
7.083095929030608318e+01 2.139815910148951446e+02
7.071486653348198104e+01 2.140217769691804222e+02
7.062421332067577850e+01 2.140531569274594972e+02
7.054945876633546220e+01 2.140790335039619094e+02
7.047470421199514590e+01 2.141049100804643217e+02
7.047470421199514590e+01 2.141049100804643217e+02
7.037214180957657561e+01 2.141404124505322955e+02
7.026957940715800532e+01 2.141759148206002692e+02
7.016701700473943504e+01 2.142114171906682429e+02
7.006445460232086475e+01 2.142469195607362167e+02
7.006445460232086475e+01 2.142469195607362167e+02
6.987778821229190385e+01 2.143115348495923911e+02
6.973970935228197732e+01 2.143593313780573624e+02
6.964726085206824280e+01 2.143913327819774963e+02
6.958992672613233310e+01 2.144111792101860772e+02
6.958992672613233310e+01 2.144111792101860772e+02
6.948736432371376281e+01 2.144466815802540509e+02
6.938480192129519253e+01 2.144821839503220247e+02
6.928223951887662224e+01 2.145176863203899984e+02
6.917967711645805196e+01 2.145531886904579721e+02
6.917967711645805196e+01 2.145531886904579721e+02
6.907711471403948167e+01 2.145886910605259459e+02
6.897455231162091138e+01 2.146241934305939196e+02
6.887198990920234110e+01 2.146596958006618934e+02
6.876942750678377081e+01 2.146951981707298671e+02
6.876942750678377081e+01 2.146951981707298671e+02
6.866686510436520052e+01 2.147307005407978409e+02
6.856430270194663024e+01 2.147662029108658146e+02
6.846174029952805995e+01 2.148017052809337883e+02
6.835917789710948966e+01 2.148372076510017621e+02
6.835917789710948966e+01 2.148372076510017621e+02
6.818061177666864126e+01 2.148990190003851239e+02
6.803443786319765252e+01 2.149496176627404793e+02
6.791834510637355038e+01 2.149898036170257569e+02
6.782769189356734785e+01 2.150211835753048319e+02
6.782769189356734785e+01 2.150211835753048319e+02
6.772512949114877756e+01 2.150566859453728057e+02
6.762256708873020727e+01 2.150921883154407794e+02
6.752000468631163699e+01 2.151276906855087532e+02
6.741744228389306670e+01 2.151631930555767269e+02
6.741744228389306670e+01 2.151631930555767269e+02
6.731487988147449641e+01 2.151986954256447007e+02
6.721231747905592613e+01 2.152341977957126744e+02
6.710975507663735584e+01 2.152697001657806481e+02
6.700719267421878556e+01 2.153052025358486219e+02
6.700719267421878556e+01 2.153052025358486219e+02
6.690463027180021527e+01 2.153407049059165956e+02
6.680206786938164498e+01 2.153762072759845694e+02
6.669950546696307470e+01 2.154117096460525431e+02
6.659694306454450441e+01 2.154472120161205169e+02
6.659694306454450441e+01 2.154472120161205169e+02
6.649438066212593412e+01 2.154827143861884906e+02
6.639181825970736384e+01 2.155182167562564644e+02
6.628925585728879355e+01 2.155537191263244381e+02
6.618669345487022326e+01 2.155892214963924118e+02
6.618669345487022326e+01 2.155892214963924118e+02
6.608413105245165298e+01 2.156247238664603856e+02
6.598156865003308269e+01 2.156602262365283593e+02
6.587900624761451240e+01 2.156957286065963331e+02
6.577644384519594212e+01 2.157312309766643068e+02
6.577644384519594212e+01 2.157312309766643068e+02
6.567388144277737183e+01 2.157667333467322806e+02
6.557131904035880154e+01 2.158022357168002543e+02
6.546875663794023126e+01 2.158377380868682280e+02
6.536619423552166097e+01 2.158732404569362018e+02
6.536619423552166097e+01 2.158732404569362018e+02
6.526363183310309068e+01 2.159087428270041755e+02
6.516106943068452040e+01 2.159442451970721493e+02
6.505850702826595011e+01 2.159797475671401230e+02
6.495594462584737983e+01 2.160152499372080968e+02
6.495594462584737983e+01 2.160152499372080968e+02
6.485338222342880954e+01 2.160507523072760705e+02
6.475081982101023925e+01 2.160862546773440442e+02
6.464825741859166897e+01 2.161217570474120180e+02
6.454569501617309868e+01 2.161572594174799917e+02
6.454569501617309868e+01 2.161572594174799917e+02
6.444313261375452839e+01 2.161927617875479655e+02
6.434057021133595811e+01 2.162282641576159392e+02
6.423800780891738782e+01 2.162637665276839130e+02
6.413544540649881753e+01 2.162992688977518867e+02
6.413544540649881753e+01 2.162992688977518867e+02
6.403288300408024725e+01 2.163347712678198604e+02
6.393032060166166985e+01 2.163702736378878342e+02
6.382775819924309246e+01 2.164057760079558079e+02
6.372519579682451507e+01 2.164412783780237817e+02
6.372519579682451507e+01 2.164412783780237817e+02
6.362263339440593768e+01 2.164767807480917554e+02
6.352007099198736029e+01 2.165122831181597292e+02
6.341750858956878290e+01 2.165477854882277029e+02
6.331494618715020550e+01 2.165832878582956766e+02
6.331494618715020550e+01 2.165832878582956766e+02
6.319885343032609626e+01 2.166234738125809542e+02
6.310820021751989373e+01 2.166548537708600293e+02
6.303344566317958453e+01 2.166807303473624415e+02
6.295869110883927533e+01 2.167066069238648538e+02
6.295869110883927533e+01 2.167066069238648538e+02
6.284259835201516609e+01 2.167467928781501314e+02
6.275194513920896355e+01 2.167781728364292064e+02
6.267719058486865435e+01 2.168040494129316187e+02
6.260243603052834516e+01 2.168299259894340310e+02
6.260243603052834516e+01 2.168299259894340310e+02
6.248148955936893856e+01 2.168717920756045885e+02
6.237195286556980278e+01 2.169097086234581298e+02
6.226859230012189528e+01 2.169454872807285710e+02
6.216523173467398777e+01 2.169812659379990123e+02
6.216523173467398777e+01 2.169812659379990123e+02
6.204913897784987853e+01 2.170214518922842899e+02
6.195848576504367600e+01 2.170528318505633649e+02
6.188373121070336680e+01 2.170787084270657772e+02
6.180897665636305760e+01 2.171045850035681894e+02
6.180897665636305760e+01 2.171045850035681894e+02
6.170641425394448021e+01 2.171400873736361632e+02
6.160385185152590282e+01 2.171755897437041369e+02
6.150128944910732542e+01 2.172110921137721107e+02
6.139872704668874803e+01 2.172465944838400844e+02
6.139872704668874803e+01 2.172465944838400844e+02
6.132397249234843883e+01 2.172724710603424967e+02
6.124921793800812964e+01 2.172983476368449089e+02
6.115856472520192710e+01 2.173297275951239840e+02
6.104247196837781786e+01 2.173699135494092616e+02
6.104247196837781786e+01 2.173699135494092616e+02
6.086390584793697656e+01 2.174317248987926234e+02
6.071773193446598782e+01 2.174823235611479788e+02
6.060163917764187858e+01 2.175225095154332564e+02
6.051098596483567604e+01 2.175538894737123314e+02
6.051098596483567604e+01 2.175538894737123314e+02
6.039489320801156680e+01 2.175940754279976090e+02
6.030423999520536427e+01 2.176254553862766841e+02
6.022948544086505507e+01 2.176513319627790963e+02
6.015473088652474587e+01 2.176772085392815086e+02
6.015473088652474587e+01 2.176772085392815086e+02
6.005216848410616848e+01 2.177127109093494823e+02
5.994960608168759109e+01 2.177482132794174561e+02
5.984704367926901369e+01 2.177837156494854298e+02
5.974448127685043630e+01 2.178192180195534036e+02
5.974448127685043630e+01 2.178192180195534036e+02
5.962838852002632706e+01 2.178594039738386812e+02
5.953773530722012453e+01 2.178907839321177562e+02
5.946298075287981533e+01 2.179166605086201685e+02
5.938822619853950613e+01 2.179425370851225807e+02
5.938822619853950613e+01 2.179425370851225807e+02
5.931570362829454979e+01 2.179676410517458294e+02
5.924318105804959345e+01 2.179927450183690780e+02
5.917065848780463710e+01 2.180178489849923267e+02
5.909813591755968076e+01 2.180429529516155753e+02
5.909813591755968076e+01 2.180429529516155753e+02
5.903403441604807256e+01 2.180651419329080625e+02
5.895194444045110771e+01 2.180935576936916220e+02
5.884858387500320021e+01 2.181293363509620633e+02
5.872231856034930786e+01 2.181730435752653250e+02
5.872231856034930786e+01 2.181730435752653250e+02
5.860137208918990126e+01 2.182149096614358825e+02
5.849183539539076548e+01 2.182528262092894238e+02
5.838847482994285798e+01 2.182886048665598651e+02
5.828511426449495048e+01 2.183243835238303063e+02
5.828511426449495048e+01 2.183243835238303063e+02
5.821259169424999413e+01 2.183494874904535550e+02
5.814006912400503779e+01 2.183745914570768036e+02
5.806754655376008145e+01 2.183996954237000523e+02
5.799502398351512511e+01 2.184247993903233009e+02
5.799502398351512511e+01 2.184247993903233009e+02
5.792250141327016877e+01 2.184499033569465496e+02
5.784997884302521243e+01 2.184750073235697982e+02
5.777745627278025609e+01 2.185001112901930469e+02
5.770493370253529974e+01 2.185252152568162956e+02
5.770493370253529974e+01 2.185252152568162956e+02
5.763241113229034340e+01 2.185503192234395442e+02
5.755988856204538706e+01 2.185754231900627929e+02
5.748736599180043072e+01 2.186005271566860415e+02
5.741484342155547438e+01 2.186256311233092902e+02
5.741484342155547438e+01 2.186256311233092902e+02
5.734232085131051804e+01 2.186507350899325388e+02
5.726979828106556170e+01 2.186758390565557875e+02
5.719727571082060535e+01 2.187009430231790361e+02
5.712475314057564901e+01 2.187260469898022848e+02
5.712475314057564901e+01 2.187260469898022848e+02
5.704999858623533981e+01 2.187519235663046970e+02
5.697524403189503062e+01 2.187778001428071093e+02
5.688459081908882808e+01 2.188091801010861843e+02
5.676849806226471884e+01 2.188493660553714619e+02
5.676849806226471884e+01 2.188493660553714619e+02
5.670439656075311063e+01 2.188715550366639491e+02
5.662230658515614579e+01 2.188999707974475086e+02
5.651894601970823828e+01 2.189357494547179499e+02
5.639268070505434594e+01 2.189794566790212116e+02
5.639268070505434594e+01 2.189794566790212116e+02
5.632015813480938959e+01 2.190045606456444602e+02
5.624763556456443325e+01 2.190296646122677089e+02
5.617511299431947691e+01 2.190547685788909575e+02
5.610259042407452057e+01 2.190798725455142062e+02
5.610259042407452057e+01 2.190798725455142062e+02
5.603848892256291236e+01 2.191020615268066933e+02
5.595639894696594752e+01 2.191304772875902529e+02
5.585303838151804001e+01 2.191662559448606942e+02
5.572677306686414767e+01 2.192099631691639559e+02
5.572677306686414767e+01 2.192099631691639559e+02
5.561068031004003842e+01 2.192501491234492335e+02
5.552002709723383589e+01 2.192815290817283085e+02
5.544527254289352669e+01 2.193074056582307207e+02
5.537051798855321749e+01 2.193332822347331330e+02
5.537051798855321749e+01 2.193332822347331330e+02
5.529799541830826115e+01 2.193583862013563817e+02
5.522547284806330481e+01 2.193834901679796303e+02
5.515295027781834847e+01 2.194085941346028790e+02
5.508042770757339213e+01 2.194336981012261276e+02
5.508042770757339213e+01 2.194336981012261276e+02
5.500790513732843579e+01 2.194588020678493763e+02
5.493538256708347944e+01 2.194839060344726249e+02
5.486285999683852310e+01 2.195090100010958736e+02
5.479033742659356676e+01 2.195341139677191222e+02
5.479033742659356676e+01 2.195341139677191222e+02
5.466871337886551885e+01 2.195762145996249899e+02
5.455842898564377919e+01 2.196143899665094352e+02
5.444814459242203952e+01 2.196525653333938806e+02
5.432652054469399161e+01 2.196946659652997482e+02
5.432652054469399161e+01 2.196946659652997482e+02
5.422315997924608411e+01 2.197304446225701895e+02
5.411979941379817660e+01 2.197662232798406308e+02
5.401026271999904083e+01 2.198041398276941720e+02
5.388931624883963423e+01 2.198460059138647296e+02
5.388931624883963423e+01 2.198460059138647296e+02
5.381679367859467789e+01 2.198711098804879782e+02
5.374427110834972154e+01 2.198962138471112269e+02
5.367174853810476520e+01 2.199213178137344755e+02
5.359922596785980886e+01 2.199464217803577242e+02
5.359922596785980886e+01 2.199464217803577242e+02
5.352670339761485252e+01 2.199715257469809728e+02
5.345418082736989618e+01 2.199966297136042215e+02
5.338165825712493984e+01 2.200217336802274701e+02
5.330913568687998350e+01 2.200468376468507188e+02
5.330913568687998350e+01 2.200468376468507188e+02
5.323661311663502715e+01 2.200719416134739674e+02
5.316409054639007081e+01 2.200970455800972161e+02
5.309156797614511447e+01 2.201221495467204647e+02
5.301904540590015813e+01 2.201472535133437134e+02
5.301904540590015813e+01 2.201472535133437134e+02
5.294652283565520179e+01 2.201723574799669620e+02
5.287400026541024545e+01 2.201974614465902107e+02
5.280147769516528911e+01 2.202225654132134594e+02
5.272895512492033276e+01 2.202476693798367080e+02
5.272895512492033276e+01 2.202476693798367080e+02
5.265643255467537642e+01 2.202727733464599567e+02
5.258390998443042008e+01 2.202978773130832053e+02
5.251138741418546374e+01 2.203229812797064540e+02
5.243886484394050740e+01 2.203480852463297026e+02
5.243886484394050740e+01 2.203480852463297026e+02
5.232277208711639815e+01 2.203882712006149802e+02
5.223211887431019562e+01 2.204196511588940552e+02
5.215736431996988642e+01 2.204455277353964675e+02
5.208260976562957723e+01 2.204714043118988798e+02
5.208260976562957723e+01 2.204714043118988798e+02
5.195634445097568488e+01 2.205151115362021415e+02
5.185298388552777737e+01 2.205508901934725827e+02
5.177089390993081253e+01 2.205793059542561423e+02
5.170679240841920432e+01 2.206014949355486294e+02
5.170679240841920432e+01 2.206014949355486294e+02
5.159069965159509508e+01 2.206416808898339070e+02
5.150004643878889254e+01 2.206730608481129821e+02
5.142529188444858335e+01 2.206989374246153943e+02
5.135053733010827415e+01 2.207248140011178066e+02
5.135053733010827415e+01 2.207248140011178066e+02
5.127578277576796495e+01 2.207506905776202188e+02
5.120102822142765575e+01 2.207765671541226311e+02
5.111037500862145322e+01 2.208079471124017061e+02
5.099428225179734397e+01 2.208481330666869837e+02
5.099428225179734397e+01 2.208481330666869837e+02
5.093018075028573577e+01 2.208703220479794709e+02
5.084809077468877092e+01 2.208987378087630304e+02
5.074473020924086342e+01 2.209345164660334717e+02
5.061846489458697107e+01 2.209782236903367334e+02
5.061846489458697107e+01 2.209782236903367334e+02
5.055436339307536286e+01 2.210004126716292205e+02
5.047227341747839802e+01 2.210288284324127801e+02
5.036891285203049051e+01 2.210646070896832214e+02
5.024264753737659817e+01 2.211083143139864831e+02
5.024264753737659817e+01 2.211083143139864831e+02
5.016789298303628897e+01 2.211341908904888953e+02
5.009313842869597977e+01 2.211600674669913076e+02
5.000248521588977724e+01 2.211914474252703826e+02
4.988639245906566799e+01 2.212316333795556602e+02
4.988639245906566799e+01 2.212316333795556602e+02
4.977029970224155875e+01 2.212718193338409378e+02
4.967964648943535622e+01 2.213031992921200128e+02
4.960489193509504702e+01 2.213290758686224251e+02
4.953013738075473782e+01 2.213549524451248374e+02
4.953013738075473782e+01 2.213549524451248374e+02
4.940387206610084547e+01 2.213986596694280991e+02
4.930051150065293797e+01 2.214344383266985403e+02
4.921842152505597312e+01 2.214628540874820999e+02
4.915432002354436491e+01 2.214850430687745870e+02
4.915432002354436491e+01 2.214850430687745870e+02
4.905095945809645741e+01 2.215208217260450283e+02
4.894759889264854991e+01 2.215566003833154696e+02
4.883806219884941413e+01 2.215945169311690108e+02
4.871711572769000753e+01 2.216363830173395684e+02
4.871711572769000753e+01 2.216363830173395684e+02
4.860102297086589829e+01 2.216765689716248460e+02
4.851036975805969576e+01 2.217079489299039210e+02
4.843561520371938656e+01 2.217338255064063333e+02
4.836086064937907736e+01 2.217597020829087455e+02
4.836086064937907736e+01 2.217597020829087455e+02
4.825750008393116985e+01 2.217954807401791868e+02
4.815413951848326235e+01 2.218312593974496281e+02
4.804460282468412657e+01 2.218691759453031693e+02
4.792365635352471998e+01 2.219110420314737269e+02
4.792365635352471998e+01 2.219110420314737269e+02
4.779739103887082763e+01 2.219547492557769885e+02
4.769403047342292012e+01 2.219905279130474298e+02
4.761194049782595528e+01 2.220189436738309894e+02
4.754783899631434707e+01 2.220411326551234765e+02
4.754783899631434707e+01 2.220411326551234765e+02
4.742157368166045472e+01 2.220848398794267382e+02
4.731821311621254722e+01 2.221206185366971795e+02
4.723612314061558237e+01 2.221490342974807390e+02
4.717202163910397417e+01 2.221712232787732262e+02
4.717202163910397417e+01 2.221712232787732262e+02
4.709949906885901783e+01 2.221963272453964748e+02
4.702697649861406148e+01 2.222214312120197235e+02
4.695445392836910514e+01 2.222465351786429721e+02
4.688193135812414880e+01 2.222716391452662208e+02
4.688193135812414880e+01 2.222716391452662208e+02
4.681782985661254060e+01 2.222938281265587079e+02
4.673573988101557575e+01 2.223222438873422675e+02
4.663237931556766824e+01 2.223580225446127088e+02
4.650611400091377590e+01 2.224017297689159705e+02
4.650611400091377590e+01 2.224017297689159705e+02
4.643359143066881956e+01 2.224268337355392191e+02
4.636106886042386321e+01 2.224519377021624678e+02
4.628854629017890687e+01 2.224770416687857164e+02
4.621602371993395053e+01 2.225021456354089651e+02
4.621602371993395053e+01 2.225021456354089651e+02
4.611266315448604303e+01 2.225379242926794063e+02
4.600930258903813552e+01 2.225737029499498476e+02
4.589976589523899975e+01 2.226116194978033889e+02
4.577881942407959315e+01 2.226534855839739464e+02
4.577881942407959315e+01 2.226534855839739464e+02
4.571471792256798494e+01 2.226756745652664335e+02
4.563262794697102009e+01 2.227040903260499931e+02
4.552926738152311259e+01 2.227398689833204344e+02
4.540300206686922024e+01 2.227835762076236961e+02
4.540300206686922024e+01 2.227835762076236961e+02
4.528690931004511100e+01 2.228237621619089737e+02
4.519625609723890847e+01 2.228551421201880487e+02
4.512150154289859927e+01 2.228810186966904610e+02
4.504674698855829007e+01 2.229068952731928732e+02
4.504674698855829007e+01 2.229068952731928732e+02
4.494418458613971268e+01 2.229423976432608470e+02
4.484162218372113529e+01 2.229779000133288207e+02
4.473905978130255789e+01 2.230134023833967944e+02
4.463649737888398050e+01 2.230489047534647682e+02
4.463649737888398050e+01 2.230489047534647682e+02
4.456174282454367130e+01 2.230747813299671805e+02
4.448698827020336211e+01 2.231006579064695927e+02
4.439633505739715957e+01 2.231320378647486677e+02
4.428024230057305033e+01 2.231722238190339453e+02
4.428024230057305033e+01 2.231722238190339453e+02
4.417767989815447294e+01 2.232077261891019191e+02
4.407511749573589555e+01 2.232432285591698928e+02
4.397255509331731815e+01 2.232787309292378666e+02
4.386999269089874076e+01 2.233142332993058403e+02
4.386999269089874076e+01 2.233142332993058403e+02
4.379747012065378442e+01 2.233393372659290890e+02
4.372494755040882808e+01 2.233644412325523376e+02
4.365242498016387174e+01 2.233895451991755863e+02
4.357990240991891540e+01 2.234146491657988349e+02
4.357990240991891540e+01 2.234146491657988349e+02
4.347654184447100789e+01 2.234504278230692762e+02
4.337318127902310039e+01 2.234862064803397175e+02
4.326364458522396461e+01 2.235241230281932587e+02
4.314269811406455801e+01 2.235659891143638163e+02
4.314269811406455801e+01 2.235659891143638163e+02
4.304013571164598062e+01 2.236014914844317900e+02
4.293757330922740323e+01 2.236369938544997638e+02
4.283501090680882584e+01 2.236724962245677375e+02
4.273244850439024844e+01 2.237079985946357112e+02
4.273244850439024844e+01 2.237079985946357112e+02
4.262988610197167105e+01 2.237435009647036850e+02
4.252732369955309366e+01 2.237790033347716587e+02
4.242476129713451627e+01 2.238145057048396325e+02
4.232219889471593888e+01 2.238500080749076062e+02
4.232219889471593888e+01 2.238500080749076062e+02
4.221963649229736149e+01 2.238855104449755800e+02
4.211707408987878409e+01 2.239210128150435537e+02
4.201451168746020670e+01 2.239565151851115274e+02
4.191194928504162931e+01 2.239920175551795012e+02
4.191194928504162931e+01 2.239920175551795012e+02
4.179585652821752007e+01 2.240322035094647788e+02
4.170520331541131753e+01 2.240635834677438538e+02
4.163044876107100833e+01 2.240894600442462661e+02
4.155569420673069914e+01 2.241153366207486783e+02
4.155569420673069914e+01 2.241153366207486783e+02
4.145313180431212174e+01 2.241508389908166521e+02
4.135056940189354435e+01 2.241863413608846258e+02
4.124800699947496696e+01 2.242218437309525996e+02
4.114544459705638957e+01 2.242573461010205733e+02
4.114544459705638957e+01 2.242573461010205733e+02
4.107069004271608037e+01 2.242832226775229856e+02
4.099593548837577117e+01 2.243090992540253978e+02
4.090528227556956864e+01 2.243404792123044729e+02
4.078918951874545940e+01 2.243806651665897505e+02
4.078918951874545940e+01 2.243806651665897505e+02
4.068662711632688200e+01 2.244161675366577242e+02
4.058406471390830461e+01 2.244516699067256980e+02
4.048150231148972722e+01 2.244871722767936717e+02
4.037893990907114983e+01 2.245226746468616454e+02
4.037893990907114983e+01 2.245226746468616454e+02
4.027637750665257244e+01 2.245581770169296192e+02
4.017381510423399504e+01 2.245936793869975929e+02
4.007125270181541765e+01 2.246291817570655667e+02
3.996869029939684026e+01 2.246646841271335404e+02
3.996869029939684026e+01 2.246646841271335404e+02
3.987803708659063773e+01 2.246960640854126154e+02
3.976194432976652848e+01 2.247362500396978930e+02
3.961577041629553975e+01 2.247868487020532484e+02
3.943720429585469844e+01 2.248486600514366103e+02
3.943720429585469844e+01 2.248486600514366103e+02
3.931625782469529184e+01 2.248905261376071678e+02
3.920672113089615607e+01 2.249284426854607091e+02
3.910336056544824856e+01 2.249642213427311503e+02
3.900000000000034106e+01 2.250000000000015916e+02
