1.890000000000000000e+02 1.990000000000000000e+02
1.895000000000000000e+02 2.000000000000000000e+02
1.900000000000000000e+02 2.010000000000000000e+02
1.905000000000000000e+02 2.020000000000000000e+02
1.910000000000000000e+02 2.030000000000000000e+02
1.910000000000000000e+02 2.030000000000000000e+02
1.910000000000000000e+02 2.040000000000000000e+02
1.910000000000000000e+02 2.050000000000000000e+02
1.910000000000000000e+02 2.060000000000000000e+02
1.910000000000000000e+02 2.070000000000000000e+02
1.910000000000000000e+02 2.070000000000000000e+02
1.910000000000000000e+02 2.080000000000000000e+02
1.910000000000000000e+02 2.090000000000000000e+02
1.910000000000000000e+02 2.100000000000000000e+02
1.910000000000000000e+02 2.110000000000000000e+02
1.910000000000000000e+02 2.110000000000000000e+02
1.915000000000000000e+02 2.113750000000000000e+02
1.920000000000000000e+02 2.120000000000000000e+02
1.925000000000000000e+02 2.128750000000000000e+02
1.930000000000000000e+02 2.140000000000000000e+02
1.930000000000000000e+02 2.140000000000000000e+02
1.935000000000000000e+02 2.145000000000000000e+02
1.940000000000000000e+02 2.150000000000000000e+02
1.945000000000000000e+02 2.155000000000000000e+02
1.950000000000000000e+02 2.160000000000000000e+02
1.950000000000000000e+02 2.160000000000000000e+02
1.955000000000000000e+02 2.171250000000000000e+02
1.960000000000000000e+02 2.180000000000000000e+02
1.965000000000000000e+02 2.186250000000000000e+02
1.970000000000000000e+02 2.190000000000000000e+02
1.970000000000000000e+02 2.190000000000000000e+02
1.975000000000000000e+02 2.201250000000000000e+02
1.980000000000000000e+02 2.210000000000000000e+02
1.985000000000000000e+02 2.216250000000000000e+02
1.990000000000000000e+02 2.220000000000000000e+02
1.990000000000000000e+02 2.220000000000000000e+02
1.993750000000000000e+02 2.225000000000000000e+02
2.000000000000000000e+02 2.230000000000000000e+02
2.008750000000000000e+02 2.235000000000000000e+02
2.020000000000000000e+02 2.240000000000000000e+02
2.020000000000000000e+02 2.240000000000000000e+02
2.030000000000000000e+02 2.238750000000000000e+02
2.040000000000000000e+02 2.240000000000000000e+02
2.050000000000000000e+02 2.243750000000000000e+02
2.060000000000000000e+02 2.250000000000000000e+02
2.060000000000000000e+02 2.250000000000000000e+02
2.070000000000000000e+02 2.250000000000000000e+02
2.080000000000000000e+02 2.250000000000000000e+02
2.090000000000000000e+02 2.250000000000000000e+02
2.100000000000000000e+02 2.250000000000000000e+02
2.100000000000000000e+02 2.250000000000000000e+02
2.110000000000000000e+02 2.250000000000000000e+02
2.120000000000000000e+02 2.250000000000000000e+02
2.130000000000000000e+02 2.250000000000000000e+02
2.140000000000000000e+02 2.250000000000000000e+02
2.140000000000000000e+02 2.250000000000000000e+02
2.150000000000000000e+02 2.250000000000000000e+02
2.160000000000000000e+02 2.250000000000000000e+02
2.170000000000000000e+02 2.250000000000000000e+02
2.180000000000000000e+02 2.250000000000000000e+02
2.180000000000000000e+02 2.250000000000000000e+02
2.190000000000000000e+02 2.250000000000000000e+02
2.200000000000000000e+02 2.250000000000000000e+02
2.210000000000000000e+02 2.250000000000000000e+02
2.220000000000000000e+02 2.250000000000000000e+02
2.220000000000000000e+02 2.250000000000000000e+02
2.230000000000000000e+02 2.250000000000000000e+02
2.240000000000000000e+02 2.250000000000000000e+02
2.250000000000000000e+02 2.250000000000000000e+02
2.260000000000000000e+02 2.250000000000000000e+02
2.260000000000000000e+02 2.250000000000000000e+02
2.271250000000000000e+02 2.251250000000000000e+02
2.280000000000000000e+02 2.250000000000000000e+02
2.286250000000000000e+02 2.246250000000000000e+02
2.290000000000000000e+02 2.240000000000000000e+02
2.290000000000000000e+02 2.240000000000000000e+02
2.293750000000000000e+02 2.233750000000000000e+02
2.300000000000000000e+02 2.230000000000000000e+02
2.308750000000000000e+02 2.228750000000000000e+02
2.320000000000000000e+02 2.230000000000000000e+02
2.320000000000000000e+02 2.230000000000000000e+02
2.330000000000000000e+02 2.231250000000000000e+02
2.340000000000000000e+02 2.230000000000000000e+02
2.350000000000000000e+02 2.226250000000000000e+02
2.360000000000000000e+02 2.220000000000000000e+02
2.360000000000000000e+02 2.220000000000000000e+02
2.363750000000000000e+02 2.215000000000000000e+02
2.370000000000000000e+02 2.210000000000000000e+02
2.378750000000000000e+02 2.205000000000000000e+02
2.390000000000000000e+02 2.200000000000000000e+02
2.390000000000000000e+02 2.200000000000000000e+02
2.395000000000000000e+02 2.196250000000000000e+02
2.400000000000000000e+02 2.190000000000000000e+02
2.405000000000000000e+02 2.181250000000000000e+02
2.410000000000000000e+02 2.170000000000000000e+02
2.410000000000000000e+02 2.170000000000000000e+02
2.416250000000000000e+02 2.160000000000000000e+02
2.420000000000000000e+02 2.150000000000000000e+02
2.421250000000000000e+02 2.140000000000000000e+02
2.420000000000000000e+02 2.130000000000000000e+02
2.420000000000000000e+02 2.130000000000000000e+02
2.425000000000000000e+02 2.125000000000000000e+02
2.430000000000000000e+02 2.120000000000000000e+02
2.435000000000000000e+02 2.115000000000000000e+02
2.440000000000000000e+02 2.110000000000000000e+02
2.440000000000000000e+02 2.110000000000000000e+02
2.445000000000000000e+02 2.105000000000000000e+02
2.450000000000000000e+02 2.100000000000000000e+02
2.455000000000000000e+02 2.095000000000000000e+02
2.460000000000000000e+02 2.090000000000000000e+02
2.460000000000000000e+02 2.090000000000000000e+02
2.460000000000000000e+02 2.080000000000000000e+02
2.460000000000000000e+02 2.070000000000000000e+02
2.460000000000000000e+02 2.060000000000000000e+02
2.460000000000000000e+02 2.050000000000000000e+02
2.460000000000000000e+02 2.050000000000000000e+02
2.465000000000000000e+02 2.040000000000000000e+02
2.470000000000000000e+02 2.030000000000000000e+02
2.475000000000000000e+02 2.020000000000000000e+02
2.480000000000000000e+02 2.010000000000000000e+02
2.480000000000000000e+02 2.010000000000000000e+02
2.486250000000000000e+02 2.006250000000000000e+02
2.490000000000000000e+02 2.000000000000000000e+02
2.491250000000000000e+02 1.991250000000000000e+02
2.490000000000000000e+02 1.980000000000000000e+02
2.490000000000000000e+02 1.980000000000000000e+02
2.490000000000000000e+02 1.970000000000000000e+02
2.490000000000000000e+02 1.960000000000000000e+02
2.490000000000000000e+02 1.950000000000000000e+02
2.490000000000000000e+02 1.940000000000000000e+02
2.490000000000000000e+02 1.940000000000000000e+02
2.490000000000000000e+02 1.930000000000000000e+02
2.490000000000000000e+02 1.920000000000000000e+02
2.490000000000000000e+02 1.910000000000000000e+02
2.490000000000000000e+02 1.900000000000000000e+02
2.490000000000000000e+02 1.900000000000000000e+02
2.490000000000000000e+02 1.890000000000000000e+02
2.490000000000000000e+02 1.880000000000000000e+02
2.490000000000000000e+02 1.870000000000000000e+02
2.490000000000000000e+02 1.860000000000000000e+02
2.490000000000000000e+02 1.860000000000000000e+02
2.490000000000000000e+02 1.850000000000000000e+02
2.490000000000000000e+02 1.840000000000000000e+02
2.490000000000000000e+02 1.830000000000000000e+02
2.490000000000000000e+02 1.820000000000000000e+02
2.490000000000000000e+02 1.820000000000000000e+02
2.490000000000000000e+02 1.810000000000000000e+02
2.490000000000000000e+02 1.800000000000000000e+02
2.490000000000000000e+02 1.790000000000000000e+02
2.490000000000000000e+02 1.780000000000000000e+02
2.490000000000000000e+02 1.780000000000000000e+02
2.490000000000000000e+02 1.770000000000000000e+02
2.490000000000000000e+02 1.760000000000000000e+02
2.490000000000000000e+02 1.750000000000000000e+02
2.490000000000000000e+02 1.740000000000000000e+02
2.490000000000000000e+02 1.740000000000000000e+02
2.491250000000000000e+02 1.728750000000000000e+02
2.490000000000000000e+02 1.720000000000000000e+02
2.486250000000000000e+02 1.713750000000000000e+02
2.480000000000000000e+02 1.710000000000000000e+02
2.480000000000000000e+02 1.710000000000000000e+02
2.481250000000000000e+02 1.698750000000000000e+02
2.480000000000000000e+02 1.690000000000000000e+02
2.476250000000000000e+02 1.683750000000000000e+02
2.470000000000000000e+02 1.680000000000000000e+02
2.470000000000000000e+02 1.680000000000000000e+02
2.465000000000000000e+02 1.675000000000000000e+02
2.460000000000000000e+02 1.670000000000000000e+02
2.455000000000000000e+02 1.665000000000000000e+02
2.450000000000000000e+02 1.660000000000000000e+02
2.450000000000000000e+02 1.660000000000000000e+02
2.445000000000000000e+02 1.657500000000000000e+02
2.440000000000000000e+02 1.650000000000000000e+02
2.435000000000000000e+02 1.637500000000000000e+02
2.430000000000000000e+02 1.620000000000000000e+02
2.430000000000000000e+02 1.620000000000000000e+02
2.425000000000000000e+02 1.615000000000000000e+02
2.420000000000000000e+02 1.610000000000000000e+02
2.415000000000000000e+02 1.605000000000000000e+02
2.410000000000000000e+02 1.600000000000000000e+02
2.410000000000000000e+02 1.600000000000000000e+02
2.398750000000000000e+02 1.595000000000000000e+02
2.390000000000000000e+02 1.590000000000000000e+02
2.383750000000000000e+02 1.585000000000000000e+02
2.380000000000000000e+02 1.580000000000000000e+02
2.380000000000000000e+02 1.580000000000000000e+02
2.375000000000000000e+02 1.576250000000000000e+02
2.370000000000000000e+02 1.570000000000000000e+02
2.365000000000000000e+02 1.561250000000000000e+02
2.360000000000000000e+02 1.550000000000000000e+02
2.360000000000000000e+02 1.550000000000000000e+02
2.348750000000000000e+02 1.545000000000000000e+02
2.340000000000000000e+02 1.540000000000000000e+02
2.333750000000000000e+02 1.535000000000000000e+02
2.330000000000000000e+02 1.530000000000000000e+02
2.330000000000000000e+02 1.530000000000000000e+02
2.326250000000000000e+02 1.523750000000000000e+02
2.320000000000000000e+02 1.520000000000000000e+02
2.311250000000000000e+02 1.518750000000000000e+02
2.300000000000000000e+02 1.520000000000000000e+02
2.300000000000000000e+02 1.520000000000000000e+02
2.295000000000000000e+02 1.515000000000000000e+02
2.290000000000000000e+02 1.510000000000000000e+02
2.285000000000000000e+02 1.505000000000000000e+02
2.280000000000000000e+02 1.500000000000000000e+02
2.280000000000000000e+02 1.500000000000000000e+02
2.268750000000000000e+02 1.495000000000000000e+02
2.260000000000000000e+02 1.490000000000000000e+02
2.253750000000000000e+02 1.485000000000000000e+02
2.250000000000000000e+02 1.480000000000000000e+02
2.250000000000000000e+02 1.480000000000000000e+02
2.240000000000000000e+02 1.473750000000000000e+02
2.230000000000000000e+02 1.470000000000000000e+02
2.220000000000000000e+02 1.468750000000000000e+02
2.210000000000000000e+02 1.470000000000000000e+02
2.210000000000000000e+02 1.470000000000000000e+02
2.200000000000000000e+02 1.470000000000000000e+02
2.190000000000000000e+02 1.470000000000000000e+02
2.180000000000000000e+02 1.470000000000000000e+02
2.170000000000000000e+02 1.470000000000000000e+02
2.170000000000000000e+02 1.470000000000000000e+02
2.161250000000000000e+02 1.471250000000000000e+02
2.150000000000000000e+02 1.470000000000000000e+02
2.136250000000000000e+02 1.466250000000000000e+02
2.120000000000000000e+02 1.460000000000000000e+02
2.120000000000000000e+02 1.460000000000000000e+02
2.110000000000000000e+02 1.453750000000000000e+02
2.100000000000000000e+02 1.450000000000000000e+02
2.090000000000000000e+02 1.448750000000000000e+02
2.080000000000000000e+02 1.450000000000000000e+02
2.080000000000000000e+02 1.450000000000000000e+02
2.070000000000000000e+02 1.450000000000000000e+02
2.060000000000000000e+02 1.450000000000000000e+02
2.050000000000000000e+02 1.450000000000000000e+02
2.040000000000000000e+02 1.450000000000000000e+02
2.040000000000000000e+02 1.450000000000000000e+02
2.022500000000000000e+02 1.445000000000000000e+02
2.010000000000000000e+02 1.440000000000000000e+02
2.002500000000000000e+02 1.435000000000000000e+02
2.000000000000000000e+02 1.430000000000000000e+02
2.000000000000000000e+02 1.430000000000000000e+02
1.990000000000000000e+02 1.430000000000000000e+02
1.980000000000000000e+02 1.430000000000000000e+02
1.970000000000000000e+02 1.430000000000000000e+02
1.960000000000000000e+02 1.430000000000000000e+02
1.960000000000000000e+02 1.430000000000000000e+02
1.950000000000000000e+02 1.430000000000000000e+02
1.940000000000000000e+02 1.430000000000000000e+02
1.930000000000000000e+02 1.430000000000000000e+02
1.920000000000000000e+02 1.430000000000000000e+02
1.920000000000000000e+02 1.430000000000000000e+02
1.910000000000000000e+02 1.430000000000000000e+02
1.900000000000000000e+02 1.430000000000000000e+02
1.890000000000000000e+02 1.430000000000000000e+02
1.880000000000000000e+02 1.430000000000000000e+02
1.880000000000000000e+02 1.430000000000000000e+02
1.870000000000000000e+02 1.430000000000000000e+02
1.860000000000000000e+02 1.430000000000000000e+02
1.850000000000000000e+02 1.430000000000000000e+02
1.840000000000000000e+02 1.430000000000000000e+02
1.840000000000000000e+02 1.430000000000000000e+02
1.830000000000000000e+02 1.430000000000000000e+02
1.820000000000000000e+02 1.430000000000000000e+02
1.810000000000000000e+02 1.430000000000000000e+02
1.800000000000000000e+02 1.430000000000000000e+02
1.800000000000000000e+02 1.430000000000000000e+02
1.790000000000000000e+02 1.430000000000000000e+02
1.780000000000000000e+02 1.430000000000000000e+02
1.770000000000000000e+02 1.430000000000000000e+02
1.760000000000000000e+02 1.430000000000000000e+02
1.760000000000000000e+02 1.430000000000000000e+02
1.750000000000000000e+02 1.428750000000000000e+02
1.740000000000000000e+02 1.430000000000000000e+02
1.730000000000000000e+02 1.433750000000000000e+02
1.720000000000000000e+02 1.440000000000000000e+02
1.720000000000000000e+02 1.440000000000000000e+02
1.710000000000000000e+02 1.446250000000000000e+02
1.700000000000000000e+02 1.450000000000000000e+02
1.690000000000000000e+02 1.451250000000000000e+02
1.680000000000000000e+02 1.450000000000000000e+02
1.680000000000000000e+02 1.450000000000000000e+02
1.670000000000000000e+02 1.448750000000000000e+02
1.660000000000000000e+02 1.450000000000000000e+02
1.650000000000000000e+02 1.453750000000000000e+02
1.640000000000000000e+02 1.460000000000000000e+02
1.640000000000000000e+02 1.460000000000000000e+02
1.635000000000000000e+02 1.465000000000000000e+02
1.630000000000000000e+02 1.470000000000000000e+02
1.625000000000000000e+02 1.475000000000000000e+02
1.620000000000000000e+02 1.480000000000000000e+02
1.620000000000000000e+02 1.480000000000000000e+02
1.608750000000000000e+02 1.485000000000000000e+02
1.600000000000000000e+02 1.490000000000000000e+02
1.593750000000000000e+02 1.495000000000000000e+02
1.590000000000000000e+02 1.500000000000000000e+02
1.590000000000000000e+02 1.500000000000000000e+02
1.578750000000000000e+02 1.505000000000000000e+02
1.570000000000000000e+02 1.510000000000000000e+02
1.563750000000000000e+02 1.515000000000000000e+02
1.560000000000000000e+02 1.520000000000000000e+02
1.560000000000000000e+02 1.520000000000000000e+02
1.555000000000000000e+02 1.525000000000000000e+02
1.550000000000000000e+02 1.530000000000000000e+02
1.545000000000000000e+02 1.535000000000000000e+02
1.540000000000000000e+02 1.540000000000000000e+02
1.540000000000000000e+02 1.540000000000000000e+02
1.536250000000000000e+02 1.546250000000000000e+02
1.530000000000000000e+02 1.550000000000000000e+02
1.521250000000000000e+02 1.551250000000000000e+02
1.510000000000000000e+02 1.550000000000000000e+02
1.510000000000000000e+02 1.550000000000000000e+02
1.498750000000000000e+02 1.555000000000000000e+02
1.490000000000000000e+02 1.560000000000000000e+02
1.483750000000000000e+02 1.565000000000000000e+02
1.480000000000000000e+02 1.570000000000000000e+02
1.480000000000000000e+02 1.570000000000000000e+02
1.475000000000000000e+02 1.573750000000000000e+02
1.470000000000000000e+02 1.580000000000000000e+02
1.465000000000000000e+02 1.588750000000000000e+02
1.460000000000000000e+02 1.600000000000000000e+02
1.460000000000000000e+02 1.600000000000000000e+02
1.448750000000000000e+02 1.605000000000000000e+02
1.440000000000000000e+02 1.610000000000000000e+02
1.433750000000000000e+02 1.615000000000000000e+02
1.430000000000000000e+02 1.620000000000000000e+02
1.430000000000000000e+02 1.620000000000000000e+02
1.425000000000000000e+02 1.631250000000000000e+02
1.420000000000000000e+02 1.640000000000000000e+02
1.415000000000000000e+02 1.646250000000000000e+02
1.410000000000000000e+02 1.650000000000000000e+02
1.410000000000000000e+02 1.650000000000000000e+02
1.405000000000000000e+02 1.653750000000000000e+02
1.400000000000000000e+02 1.660000000000000000e+02
1.395000000000000000e+02 1.668750000000000000e+02
1.390000000000000000e+02 1.680000000000000000e+02
1.390000000000000000e+02 1.680000000000000000e+02
1.385000000000000000e+02 1.682500000000000000e+02
1.380000000000000000e+02 1.690000000000000000e+02
1.375000000000000000e+02 1.702500000000000000e+02
1.370000000000000000e+02 1.720000000000000000e+02
1.370000000000000000e+02 1.720000000000000000e+02
1.365000000000000000e+02 1.731250000000000000e+02
1.360000000000000000e+02 1.740000000000000000e+02
1.355000000000000000e+02 1.746250000000000000e+02
1.350000000000000000e+02 1.750000000000000000e+02
1.350000000000000000e+02 1.750000000000000000e+02
1.351250000000000000e+02 1.760000000000000000e+02
1.350000000000000000e+02 1.770000000000000000e+02
1.346250000000000000e+02 1.780000000000000000e+02
1.340000000000000000e+02 1.790000000000000000e+02
1.340000000000000000e+02 1.790000000000000000e+02
1.340000000000000000e+02 1.800000000000000000e+02
1.340000000000000000e+02 1.810000000000000000e+02
1.340000000000000000e+02 1.820000000000000000e+02
1.340000000000000000e+02 1.830000000000000000e+02
1.340000000000000000e+02 1.830000000000000000e+02
1.333750000000000000e+02 1.833750000000000000e+02
1.330000000000000000e+02 1.840000000000000000e+02
1.328750000000000000e+02 1.848750000000000000e+02
1.330000000000000000e+02 1.860000000000000000e+02
1.330000000000000000e+02 1.860000000000000000e+02
1.323750000000000000e+02 1.863750000000000000e+02
1.320000000000000000e+02 1.870000000000000000e+02
1.318750000000000000e+02 1.878750000000000000e+02
1.320000000000000000e+02 1.890000000000000000e+02
1.320000000000000000e+02 1.890000000000000000e+02
1.320000000000000000e+02 1.900000000000000000e+02
1.320000000000000000e+02 1.910000000000000000e+02
1.320000000000000000e+02 1.920000000000000000e+02
1.320000000000000000e+02 1.930000000000000000e+02
1.320000000000000000e+02 1.930000000000000000e+02
1.320000000000000000e+02 1.940000000000000000e+02
1.320000000000000000e+02 1.950000000000000000e+02
1.320000000000000000e+02 1.960000000000000000e+02
1.320000000000000000e+02 1.970000000000000000e+02
1.320000000000000000e+02 1.970000000000000000e+02
1.320000000000000000e+02 1.980000000000000000e+02
1.320000000000000000e+02 1.990000000000000000e+02
1.320000000000000000e+02 2.000000000000000000e+02
1.320000000000000000e+02 2.010000000000000000e+02
1.320000000000000000e+02 2.010000000000000000e+02
1.320000000000000000e+02 2.020000000000000000e+02
1.320000000000000000e+02 2.030000000000000000e+02
1.320000000000000000e+02 2.040000000000000000e+02
1.320000000000000000e+02 2.050000000000000000e+02
1.320000000000000000e+02 2.050000000000000000e+02
1.320000000000000000e+02 2.060000000000000000e+02
1.320000000000000000e+02 2.070000000000000000e+02
1.320000000000000000e+02 2.080000000000000000e+02
1.320000000000000000e+02 2.090000000000000000e+02
1.320000000000000000e+02 2.090000000000000000e+02
1.320000000000000000e+02 2.100000000000000000e+02
1.320000000000000000e+02 2.110000000000000000e+02
1.320000000000000000e+02 2.120000000000000000e+02
1.320000000000000000e+02 2.130000000000000000e+02
1.320000000000000000e+02 2.130000000000000000e+02
1.320000000000000000e+02 2.140000000000000000e+02
1.320000000000000000e+02 2.150000000000000000e+02
1.320000000000000000e+02 2.160000000000000000e+02
1.320000000000000000e+02 2.170000000000000000e+02
1.320000000000000000e+02 2.170000000000000000e+02
1.320000000000000000e+02 2.180000000000000000e+02
1.320000000000000000e+02 2.190000000000000000e+02
1.320000000000000000e+02 2.200000000000000000e+02
1.320000000000000000e+02 2.210000000000000000e+02
1.320000000000000000e+02 2.210000000000000000e+02
1.320000000000000000e+02 2.220000000000000000e+02
1.320000000000000000e+02 2.230000000000000000e+02
1.320000000000000000e+02 2.240000000000000000e+02
1.320000000000000000e+02 2.250000000000000000e+02
1.320000000000000000e+02 2.250000000000000000e+02
1.318750000000000000e+02 2.261250000000000000e+02
1.320000000000000000e+02 2.270000000000000000e+02
1.323750000000000000e+02 2.276250000000000000e+02
1.330000000000000000e+02 2.280000000000000000e+02
1.330000000000000000e+02 2.280000000000000000e+02
1.335000000000000000e+02 2.283750000000000000e+02
1.340000000000000000e+02 2.290000000000000000e+02
1.345000000000000000e+02 2.298750000000000000e+02
1.350000000000000000e+02 2.310000000000000000e+02
1.350000000000000000e+02 2.310000000000000000e+02
1.355000000000000000e+02 2.318750000000000000e+02
1.360000000000000000e+02 2.330000000000000000e+02
1.365000000000000000e+02 2.343750000000000000e+02
1.370000000000000000e+02 2.360000000000000000e+02
1.370000000000000000e+02 2.360000000000000000e+02
1.375000000000000000e+02 2.371250000000000000e+02
1.380000000000000000e+02 2.380000000000000000e+02
1.385000000000000000e+02 2.386250000000000000e+02
1.390000000000000000e+02 2.390000000000000000e+02
1.390000000000000000e+02 2.390000000000000000e+02
1.401250000000000000e+02 2.395000000000000000e+02
1.410000000000000000e+02 2.400000000000000000e+02
1.416250000000000000e+02 2.405000000000000000e+02
1.420000000000000000e+02 2.410000000000000000e+02
1.420000000000000000e+02 2.410000000000000000e+02
1.423750000000000000e+02 2.421250000000000000e+02
1.430000000000000000e+02 2.430000000000000000e+02
1.438750000000000000e+02 2.436250000000000000e+02
1.450000000000000000e+02 2.440000000000000000e+02
1.450000000000000000e+02 2.440000000000000000e+02
1.455000000000000000e+02 2.445000000000000000e+02
1.460000000000000000e+02 2.450000000000000000e+02
1.465000000000000000e+02 2.455000000000000000e+02
1.470000000000000000e+02 2.460000000000000000e+02
1.470000000000000000e+02 2.460000000000000000e+02
1.475000000000000000e+02 2.465000000000000000e+02
1.480000000000000000e+02 2.470000000000000000e+02
1.485000000000000000e+02 2.475000000000000000e+02
1.490000000000000000e+02 2.480000000000000000e+02
1.490000000000000000e+02 2.480000000000000000e+02
1.495000000000000000e+02 2.485000000000000000e+02
1.500000000000000000e+02 2.490000000000000000e+02
1.505000000000000000e+02 2.495000000000000000e+02
1.510000000000000000e+02 2.500000000000000000e+02
1.510000000000000000e+02 2.500000000000000000e+02
1.515000000000000000e+02 2.511250000000000000e+02
1.520000000000000000e+02 2.520000000000000000e+02
1.525000000000000000e+02 2.526250000000000000e+02
1.530000000000000000e+02 2.530000000000000000e+02
1.530000000000000000e+02 2.530000000000000000e+02
1.541250000000000000e+02 2.535000000000000000e+02
1.550000000000000000e+02 2.540000000000000000e+02
1.556250000000000000e+02 2.545000000000000000e+02
1.560000000000000000e+02 2.550000000000000000e+02
1.560000000000000000e+02 2.550000000000000000e+02
1.565000000000000000e+02 2.555000000000000000e+02
1.570000000000000000e+02 2.560000000000000000e+02
1.575000000000000000e+02 2.565000000000000000e+02
1.580000000000000000e+02 2.570000000000000000e+02
1.580000000000000000e+02 2.570000000000000000e+02
1.585000000000000000e+02 2.575000000000000000e+02
1.590000000000000000e+02 2.580000000000000000e+02
1.595000000000000000e+02 2.585000000000000000e+02
1.600000000000000000e+02 2.590000000000000000e+02
1.600000000000000000e+02 2.590000000000000000e+02
1.605000000000000000e+02 2.595000000000000000e+02
1.610000000000000000e+02 2.600000000000000000e+02
1.615000000000000000e+02 2.605000000000000000e+02
1.620000000000000000e+02 2.610000000000000000e+02
1.620000000000000000e+02 2.610000000000000000e+02
1.623750000000000000e+02 2.615000000000000000e+02
1.630000000000000000e+02 2.620000000000000000e+02
1.638750000000000000e+02 2.625000000000000000e+02
1.650000000000000000e+02 2.630000000000000000e+02
1.650000000000000000e+02 2.630000000000000000e+02
1.660000000000000000e+02 2.636250000000000000e+02
1.670000000000000000e+02 2.640000000000000000e+02
1.680000000000000000e+02 2.641250000000000000e+02
1.690000000000000000e+02 2.640000000000000000e+02
1.690000000000000000e+02 2.640000000000000000e+02
1.700000000000000000e+02 2.640000000000000000e+02
1.710000000000000000e+02 2.640000000000000000e+02
1.720000000000000000e+02 2.640000000000000000e+02
1.730000000000000000e+02 2.640000000000000000e+02
1.730000000000000000e+02 2.640000000000000000e+02
1.738750000000000000e+02 2.645000000000000000e+02
1.750000000000000000e+02 2.650000000000000000e+02
1.763750000000000000e+02 2.655000000000000000e+02
1.780000000000000000e+02 2.660000000000000000e+02
1.780000000000000000e+02 2.660000000000000000e+02
1.783750000000000000e+02 2.666250000000000000e+02
1.790000000000000000e+02 2.670000000000000000e+02
1.798750000000000000e+02 2.671250000000000000e+02
1.810000000000000000e+02 2.670000000000000000e+02
1.810000000000000000e+02 2.670000000000000000e+02
1.818750000000000000e+02 2.668750000000000000e+02
1.830000000000000000e+02 2.670000000000000000e+02
1.843750000000000000e+02 2.673750000000000000e+02
1.860000000000000000e+02 2.680000000000000000e+02
1.860000000000000000e+02 2.680000000000000000e+02
1.870000000000000000e+02 2.678750000000000000e+02
1.880000000000000000e+02 2.680000000000000000e+02
1.890000000000000000e+02 2.683750000000000000e+02
1.900000000000000000e+02 2.690000000000000000e+02
1.900000000000000000e+02 2.690000000000000000e+02
1.916250000000000000e+02 2.696250000000000000e+02
1.930000000000000000e+02 2.700000000000000000e+02
1.941250000000000000e+02 2.701250000000000000e+02
1.950000000000000000e+02 2.700000000000000000e+02
1.950000000000000000e+02 2.700000000000000000e+02
1.961250000000000000e+02 2.705000000000000000e+02
1.970000000000000000e+02 2.710000000000000000e+02
1.976250000000000000e+02 2.715000000000000000e+02
1.980000000000000000e+02 2.720000000000000000e+02
1.980000000000000000e+02 2.720000000000000000e+02
1.990000000000000000e+02 2.720000000000000000e+02
2.000000000000000000e+02 2.720000000000000000e+02
2.010000000000000000e+02 2.720000000000000000e+02
2.020000000000000000e+02 2.720000000000000000e+02
2.020000000000000000e+02 2.720000000000000000e+02
2.030000000000000000e+02 2.720000000000000000e+02
2.040000000000000000e+02 2.720000000000000000e+02
2.050000000000000000e+02 2.720000000000000000e+02
2.060000000000000000e+02 2.720000000000000000e+02
2.060000000000000000e+02 2.720000000000000000e+02
2.070000000000000000e+02 2.720000000000000000e+02
2.080000000000000000e+02 2.720000000000000000e+02
2.090000000000000000e+02 2.720000000000000000e+02
2.100000000000000000e+02 2.720000000000000000e+02
2.100000000000000000e+02 2.720000000000000000e+02
2.110000000000000000e+02 2.720000000000000000e+02
2.120000000000000000e+02 2.720000000000000000e+02
2.130000000000000000e+02 2.720000000000000000e+02
2.140000000000000000e+02 2.720000000000000000e+02
2.140000000000000000e+02 2.720000000000000000e+02
2.150000000000000000e+02 2.720000000000000000e+02
2.160000000000000000e+02 2.720000000000000000e+02
2.170000000000000000e+02 2.720000000000000000e+02
2.180000000000000000e+02 2.720000000000000000e+02
2.180000000000000000e+02 2.720000000000000000e+02
2.190000000000000000e+02 2.720000000000000000e+02
2.200000000000000000e+02 2.720000000000000000e+02
2.210000000000000000e+02 2.720000000000000000e+02
2.220000000000000000e+02 2.720000000000000000e+02
2.220000000000000000e+02 2.720000000000000000e+02
2.230000000000000000e+02 2.720000000000000000e+02
2.240000000000000000e+02 2.720000000000000000e+02
2.250000000000000000e+02 2.720000000000000000e+02
2.260000000000000000e+02 2.720000000000000000e+02
2.260000000000000000e+02 2.720000000000000000e+02
2.270000000000000000e+02 2.720000000000000000e+02
2.280000000000000000e+02 2.720000000000000000e+02
2.290000000000000000e+02 2.720000000000000000e+02
2.300000000000000000e+02 2.720000000000000000e+02
2.300000000000000000e+02 2.720000000000000000e+02
2.310000000000000000e+02 2.720000000000000000e+02
2.320000000000000000e+02 2.720000000000000000e+02
2.330000000000000000e+02 2.720000000000000000e+02
2.340000000000000000e+02 2.720000000000000000e+02
2.340000000000000000e+02 2.720000000000000000e+02
2.350000000000000000e+02 2.720000000000000000e+02
2.360000000000000000e+02 2.720000000000000000e+02
2.370000000000000000e+02 2.720000000000000000e+02
2.380000000000000000e+02 2.720000000000000000e+02
2.380000000000000000e+02 2.720000000000000000e+02
2.390000000000000000e+02 2.720000000000000000e+02
2.400000000000000000e+02 2.720000000000000000e+02
2.410000000000000000e+02 2.720000000000000000e+02
2.420000000000000000e+02 2.720000000000000000e+02
2.420000000000000000e+02 2.720000000000000000e+02
2.430000000000000000e+02 2.720000000000000000e+02
2.440000000000000000e+02 2.720000000000000000e+02
2.450000000000000000e+02 2.720000000000000000e+02
2.460000000000000000e+02 2.720000000000000000e+02
2.460000000000000000e+02 2.720000000000000000e+02
2.470000000000000000e+02 2.720000000000000000e+02
2.480000000000000000e+02 2.720000000000000000e+02
2.490000000000000000e+02 2.720000000000000000e+02
2.500000000000000000e+02 2.720000000000000000e+02
2.500000000000000000e+02 2.720000000000000000e+02
2.510000000000000000e+02 2.720000000000000000e+02
2.520000000000000000e+02 2.720000000000000000e+02
2.530000000000000000e+02 2.720000000000000000e+02
2.540000000000000000e+02 2.720000000000000000e+02
2.540000000000000000e+02 2.720000000000000000e+02
2.551250000000000000e+02 2.721250000000000000e+02
2.560000000000000000e+02 2.720000000000000000e+02
2.566250000000000000e+02 2.716250000000000000e+02
2.570000000000000000e+02 2.710000000000000000e+02
2.570000000000000000e+02 2.710000000000000000e+02
2.580000000000000000e+02 2.710000000000000000e+02
2.590000000000000000e+02 2.710000000000000000e+02
2.600000000000000000e+02 2.710000000000000000e+02
2.610000000000000000e+02 2.710000000000000000e+02
2.610000000000000000e+02 2.710000000000000000e+02
2.613750000000000000e+02 2.703750000000000000e+02
2.620000000000000000e+02 2.700000000000000000e+02
2.628750000000000000e+02 2.698750000000000000e+02
2.640000000000000000e+02 2.700000000000000000e+02
2.640000000000000000e+02 2.700000000000000000e+02
2.650000000000000000e+02 2.700000000000000000e+02
2.660000000000000000e+02 2.700000000000000000e+02
2.670000000000000000e+02 2.700000000000000000e+02
2.680000000000000000e+02 2.700000000000000000e+02
2.680000000000000000e+02 2.700000000000000000e+02
2.685000000000000000e+02 2.695000000000000000e+02
2.690000000000000000e+02 2.690000000000000000e+02
2.695000000000000000e+02 2.685000000000000000e+02
2.700000000000000000e+02 2.680000000000000000e+02
2.700000000000000000e+02 2.680000000000000000e+02
2.705000000000000000e+02 2.675000000000000000e+02
2.710000000000000000e+02 2.670000000000000000e+02
2.715000000000000000e+02 2.665000000000000000e+02
2.720000000000000000e+02 2.660000000000000000e+02
2.720000000000000000e+02 2.660000000000000000e+02
2.731250000000000000e+02 2.655000000000000000e+02
2.740000000000000000e+02 2.650000000000000000e+02
2.746250000000000000e+02 2.645000000000000000e+02
2.750000000000000000e+02 2.640000000000000000e+02
2.750000000000000000e+02 2.640000000000000000e+02
2.755000000000000000e+02 2.635000000000000000e+02
2.760000000000000000e+02 2.630000000000000000e+02
2.765000000000000000e+02 2.625000000000000000e+02
2.770000000000000000e+02 2.620000000000000000e+02
2.770000000000000000e+02 2.620000000000000000e+02
2.780000000000000000e+02 2.615000000000000000e+02
2.790000000000000000e+02 2.610000000000000000e+02
2.800000000000000000e+02 2.605000000000000000e+02
2.810000000000000000e+02 2.600000000000000000e+02
2.810000000000000000e+02 2.600000000000000000e+02
2.815000000000000000e+02 2.595000000000000000e+02
2.820000000000000000e+02 2.590000000000000000e+02
2.825000000000000000e+02 2.585000000000000000e+02
2.830000000000000000e+02 2.580000000000000000e+02
2.830000000000000000e+02 2.580000000000000000e+02
2.835000000000000000e+02 2.575000000000000000e+02
2.840000000000000000e+02 2.570000000000000000e+02
2.845000000000000000e+02 2.565000000000000000e+02
2.850000000000000000e+02 2.560000000000000000e+02
2.850000000000000000e+02 2.560000000000000000e+02
2.860000000000000000e+02 2.560000000000000000e+02
2.870000000000000000e+02 2.560000000000000000e+02
2.880000000000000000e+02 2.560000000000000000e+02
2.890000000000000000e+02 2.560000000000000000e+02
2.890000000000000000e+02 2.560000000000000000e+02
2.895000000000000000e+02 2.555000000000000000e+02
2.900000000000000000e+02 2.550000000000000000e+02
2.905000000000000000e+02 2.545000000000000000e+02
2.910000000000000000e+02 2.540000000000000000e+02
2.910000000000000000e+02 2.540000000000000000e+02
2.915000000000000000e+02 2.537500000000000000e+02
2.920000000000000000e+02 2.530000000000000000e+02
2.925000000000000000e+02 2.517500000000000000e+02
2.930000000000000000e+02 2.500000000000000000e+02
2.930000000000000000e+02 2.500000000000000000e+02
2.935000000000000000e+02 2.496250000000000000e+02
2.940000000000000000e+02 2.490000000000000000e+02
2.945000000000000000e+02 2.481250000000000000e+02
2.950000000000000000e+02 2.470000000000000000e+02
2.950000000000000000e+02 2.470000000000000000e+02
2.955000000000000000e+02 2.465000000000000000e+02
2.960000000000000000e+02 2.460000000000000000e+02
2.965000000000000000e+02 2.455000000000000000e+02
2.970000000000000000e+02 2.450000000000000000e+02
2.970000000000000000e+02 2.450000000000000000e+02
2.975000000000000000e+02 2.445000000000000000e+02
2.980000000000000000e+02 2.440000000000000000e+02
2.985000000000000000e+02 2.435000000000000000e+02
2.990000000000000000e+02 2.430000000000000000e+02
2.990000000000000000e+02 2.430000000000000000e+02
2.995000000000000000e+02 2.425000000000000000e+02
3.000000000000000000e+02 2.420000000000000000e+02
3.005000000000000000e+02 2.415000000000000000e+02
3.010000000000000000e+02 2.410000000000000000e+02
3.010000000000000000e+02 2.410000000000000000e+02
3.015000000000000000e+02 2.405000000000000000e+02
3.020000000000000000e+02 2.400000000000000000e+02
3.025000000000000000e+02 2.395000000000000000e+02
3.030000000000000000e+02 2.390000000000000000e+02
3.030000000000000000e+02 2.390000000000000000e+02
3.035000000000000000e+02 2.385000000000000000e+02
3.040000000000000000e+02 2.380000000000000000e+02
3.045000000000000000e+02 2.375000000000000000e+02
3.050000000000000000e+02 2.370000000000000000e+02
3.050000000000000000e+02 2.370000000000000000e+02
3.055000000000000000e+02 2.365000000000000000e+02
3.060000000000000000e+02 2.360000000000000000e+02
3.065000000000000000e+02 2.355000000000000000e+02
3.070000000000000000e+02 2.350000000000000000e+02
3.070000000000000000e+02 2.350000000000000000e+02
3.075000000000000000e+02 2.338750000000000000e+02
3.080000000000000000e+02 2.330000000000000000e+02
3.085000000000000000e+02 2.323750000000000000e+02
3.090000000000000000e+02 2.320000000000000000e+02
3.090000000000000000e+02 2.320000000000000000e+02
3.090000000000000000e+02 2.310000000000000000e+02
3.090000000000000000e+02 2.300000000000000000e+02
3.090000000000000000e+02 2.290000000000000000e+02
3.090000000000000000e+02 2.280000000000000000e+02
3.090000000000000000e+02 2.280000000000000000e+02
3.095000000000000000e+02 2.263750000000000000e+02
3.100000000000000000e+02 2.250000000000000000e+02
3.105000000000000000e+02 2.238750000000000000e+02
3.110000000000000000e+02 2.230000000000000000e+02
3.110000000000000000e+02 2.230000000000000000e+02
3.110000000000000000e+02 2.220000000000000000e+02
3.110000000000000000e+02 2.210000000000000000e+02
3.110000000000000000e+02 2.200000000000000000e+02
3.110000000000000000e+02 2.190000000000000000e+02
3.110000000000000000e+02 2.190000000000000000e+02
3.116250000000000000e+02 2.186250000000000000e+02
3.120000000000000000e+02 2.180000000000000000e+02
3.121250000000000000e+02 2.171250000000000000e+02
3.120000000000000000e+02 2.160000000000000000e+02
3.120000000000000000e+02 2.160000000000000000e+02
3.120000000000000000e+02 2.150000000000000000e+02
3.120000000000000000e+02 2.140000000000000000e+02
3.120000000000000000e+02 2.130000000000000000e+02
3.120000000000000000e+02 2.120000000000000000e+02
3.120000000000000000e+02 2.120000000000000000e+02
3.118750000000000000e+02 2.110000000000000000e+02
3.120000000000000000e+02 2.100000000000000000e+02
3.123750000000000000e+02 2.090000000000000000e+02
3.130000000000000000e+02 2.080000000000000000e+02
3.130000000000000000e+02 2.080000000000000000e+02
3.136250000000000000e+02 2.076250000000000000e+02
3.140000000000000000e+02 2.070000000000000000e+02
3.141250000000000000e+02 2.061250000000000000e+02
3.140000000000000000e+02 2.050000000000000000e+02
3.140000000000000000e+02 2.050000000000000000e+02
3.140000000000000000e+02 2.040000000000000000e+02
3.140000000000000000e+02 2.030000000000000000e+02
3.140000000000000000e+02 2.020000000000000000e+02
3.140000000000000000e+02 2.010000000000000000e+02
3.140000000000000000e+02 2.010000000000000000e+02
3.140000000000000000e+02 2.000000000000000000e+02
3.140000000000000000e+02 1.990000000000000000e+02
3.140000000000000000e+02 1.980000000000000000e+02
3.140000000000000000e+02 1.970000000000000000e+02
3.140000000000000000e+02 1.970000000000000000e+02
3.140000000000000000e+02 1.960000000000000000e+02
3.140000000000000000e+02 1.950000000000000000e+02
3.140000000000000000e+02 1.940000000000000000e+02
3.140000000000000000e+02 1.930000000000000000e+02
3.140000000000000000e+02 1.930000000000000000e+02
3.140000000000000000e+02 1.920000000000000000e+02
3.140000000000000000e+02 1.910000000000000000e+02
3.140000000000000000e+02 1.900000000000000000e+02
3.140000000000000000e+02 1.890000000000000000e+02
3.140000000000000000e+02 1.890000000000000000e+02
3.140000000000000000e+02 1.880000000000000000e+02
3.140000000000000000e+02 1.870000000000000000e+02
3.140000000000000000e+02 1.860000000000000000e+02
3.140000000000000000e+02 1.850000000000000000e+02
3.140000000000000000e+02 1.850000000000000000e+02
3.140000000000000000e+02 1.840000000000000000e+02
3.140000000000000000e+02 1.830000000000000000e+02
3.140000000000000000e+02 1.820000000000000000e+02
3.140000000000000000e+02 1.810000000000000000e+02
3.140000000000000000e+02 1.810000000000000000e+02
3.140000000000000000e+02 1.800000000000000000e+02
3.140000000000000000e+02 1.790000000000000000e+02
3.140000000000000000e+02 1.780000000000000000e+02
3.140000000000000000e+02 1.770000000000000000e+02
3.140000000000000000e+02 1.770000000000000000e+02
3.140000000000000000e+02 1.760000000000000000e+02
3.140000000000000000e+02 1.750000000000000000e+02
3.140000000000000000e+02 1.740000000000000000e+02
3.140000000000000000e+02 1.730000000000000000e+02
3.140000000000000000e+02 1.730000000000000000e+02
3.133750000000000000e+02 1.720000000000000000e+02
3.130000000000000000e+02 1.710000000000000000e+02
3.128750000000000000e+02 1.700000000000000000e+02
3.130000000000000000e+02 1.690000000000000000e+02
3.130000000000000000e+02 1.690000000000000000e+02
3.125000000000000000e+02 1.678750000000000000e+02
3.120000000000000000e+02 1.670000000000000000e+02
3.115000000000000000e+02 1.663750000000000000e+02
3.110000000000000000e+02 1.660000000000000000e+02
3.110000000000000000e+02 1.660000000000000000e+02
3.105000000000000000e+02 1.655000000000000000e+02
3.100000000000000000e+02 1.650000000000000000e+02
3.095000000000000000e+02 1.645000000000000000e+02
3.090000000000000000e+02 1.640000000000000000e+02
3.090000000000000000e+02 1.640000000000000000e+02
3.085000000000000000e+02 1.630000000000000000e+02
3.080000000000000000e+02 1.620000000000000000e+02
3.075000000000000000e+02 1.610000000000000000e+02
3.070000000000000000e+02 1.600000000000000000e+02
3.070000000000000000e+02 1.600000000000000000e+02
3.065000000000000000e+02 1.588750000000000000e+02
3.060000000000000000e+02 1.580000000000000000e+02
3.055000000000000000e+02 1.573750000000000000e+02
3.050000000000000000e+02 1.570000000000000000e+02
3.050000000000000000e+02 1.570000000000000000e+02
3.045000000000000000e+02 1.565000000000000000e+02
3.040000000000000000e+02 1.560000000000000000e+02
3.035000000000000000e+02 1.555000000000000000e+02
3.030000000000000000e+02 1.550000000000000000e+02
3.030000000000000000e+02 1.550000000000000000e+02
3.025000000000000000e+02 1.546250000000000000e+02
3.020000000000000000e+02 1.540000000000000000e+02
3.015000000000000000e+02 1.531250000000000000e+02
3.010000000000000000e+02 1.520000000000000000e+02
3.010000000000000000e+02 1.520000000000000000e+02
3.005000000000000000e+02 1.515000000000000000e+02
3.000000000000000000e+02 1.510000000000000000e+02
2.995000000000000000e+02 1.505000000000000000e+02
2.990000000000000000e+02 1.500000000000000000e+02
2.990000000000000000e+02 1.500000000000000000e+02
2.991250000000000000e+02 1.488750000000000000e+02
2.990000000000000000e+02 1.480000000000000000e+02
2.986250000000000000e+02 1.473750000000000000e+02
2.980000000000000000e+02 1.470000000000000000e+02
2.980000000000000000e+02 1.470000000000000000e+02
2.975000000000000000e+02 1.466250000000000000e+02
2.970000000000000000e+02 1.460000000000000000e+02
2.965000000000000000e+02 1.451250000000000000e+02
2.960000000000000000e+02 1.440000000000000000e+02
2.960000000000000000e+02 1.440000000000000000e+02
2.955000000000000000e+02 1.436250000000000000e+02
2.950000000000000000e+02 1.430000000000000000e+02
2.945000000000000000e+02 1.421250000000000000e+02
2.940000000000000000e+02 1.410000000000000000e+02
2.940000000000000000e+02 1.410000000000000000e+02
2.935000000000000000e+02 1.406250000000000000e+02
2.930000000000000000e+02 1.400000000000000000e+02
2.925000000000000000e+02 1.391250000000000000e+02
2.920000000000000000e+02 1.380000000000000000e+02
2.920000000000000000e+02 1.380000000000000000e+02
2.915000000000000000e+02 1.368750000000000000e+02
2.910000000000000000e+02 1.360000000000000000e+02
2.905000000000000000e+02 1.353750000000000000e+02
2.900000000000000000e+02 1.350000000000000000e+02
2.900000000000000000e+02 1.350000000000000000e+02
2.895000000000000000e+02 1.345000000000000000e+02
2.890000000000000000e+02 1.340000000000000000e+02
2.885000000000000000e+02 1.335000000000000000e+02
2.880000000000000000e+02 1.330000000000000000e+02
2.880000000000000000e+02 1.330000000000000000e+02
2.875000000000000000e+02 1.325000000000000000e+02
2.870000000000000000e+02 1.320000000000000000e+02
2.865000000000000000e+02 1.315000000000000000e+02
2.860000000000000000e+02 1.310000000000000000e+02
2.860000000000000000e+02 1.310000000000000000e+02
2.848750000000000000e+02 1.305000000000000000e+02
2.840000000000000000e+02 1.300000000000000000e+02
2.833750000000000000e+02 1.295000000000000000e+02
2.830000000000000000e+02 1.290000000000000000e+02
2.830000000000000000e+02 1.290000000000000000e+02
2.825000000000000000e+02 1.278750000000000000e+02
2.820000000000000000e+02 1.270000000000000000e+02
2.815000000000000000e+02 1.263750000000000000e+02
2.810000000000000000e+02 1.260000000000000000e+02
2.810000000000000000e+02 1.260000000000000000e+02
2.798750000000000000e+02 1.255000000000000000e+02
2.790000000000000000e+02 1.250000000000000000e+02
2.783750000000000000e+02 1.245000000000000000e+02
2.780000000000000000e+02 1.240000000000000000e+02
2.780000000000000000e+02 1.240000000000000000e+02
2.775000000000000000e+02 1.228750000000000000e+02
2.770000000000000000e+02 1.220000000000000000e+02
2.765000000000000000e+02 1.213750000000000000e+02
2.760000000000000000e+02 1.210000000000000000e+02
2.760000000000000000e+02 1.210000000000000000e+02
2.748750000000000000e+02 1.205000000000000000e+02
2.740000000000000000e+02 1.200000000000000000e+02
2.733750000000000000e+02 1.195000000000000000e+02
2.730000000000000000e+02 1.190000000000000000e+02
2.730000000000000000e+02 1.190000000000000000e+02
2.725000000000000000e+02 1.178750000000000000e+02
2.720000000000000000e+02 1.170000000000000000e+02
2.715000000000000000e+02 1.163750000000000000e+02
2.710000000000000000e+02 1.160000000000000000e+02
2.710000000000000000e+02 1.160000000000000000e+02
2.698750000000000000e+02 1.155000000000000000e+02
2.690000000000000000e+02 1.150000000000000000e+02
2.683750000000000000e+02 1.145000000000000000e+02
2.680000000000000000e+02 1.140000000000000000e+02
2.680000000000000000e+02 1.140000000000000000e+02
2.675000000000000000e+02 1.128750000000000000e+02
2.670000000000000000e+02 1.120000000000000000e+02
2.665000000000000000e+02 1.113750000000000000e+02
2.660000000000000000e+02 1.110000000000000000e+02
2.660000000000000000e+02 1.110000000000000000e+02
2.643750000000000000e+02 1.103750000000000000e+02
2.630000000000000000e+02 1.100000000000000000e+02
2.618750000000000000e+02 1.098750000000000000e+02
2.610000000000000000e+02 1.100000000000000000e+02
2.610000000000000000e+02 1.100000000000000000e+02
2.598750000000000000e+02 1.095000000000000000e+02
2.590000000000000000e+02 1.090000000000000000e+02
2.583750000000000000e+02 1.085000000000000000e+02
2.580000000000000000e+02 1.080000000000000000e+02
2.580000000000000000e+02 1.080000000000000000e+02
2.576250000000000000e+02 1.075000000000000000e+02
2.570000000000000000e+02 1.070000000000000000e+02
2.561250000000000000e+02 1.065000000000000000e+02
2.550000000000000000e+02 1.060000000000000000e+02
2.550000000000000000e+02 1.060000000000000000e+02
2.540000000000000000e+02 1.053750000000000000e+02
2.530000000000000000e+02 1.050000000000000000e+02
2.520000000000000000e+02 1.048750000000000000e+02
2.510000000000000000e+02 1.050000000000000000e+02
2.510000000000000000e+02 1.050000000000000000e+02
2.492500000000000000e+02 1.045000000000000000e+02
2.480000000000000000e+02 1.040000000000000000e+02
2.472500000000000000e+02 1.035000000000000000e+02
2.470000000000000000e+02 1.030000000000000000e+02
2.470000000000000000e+02 1.030000000000000000e+02
2.466250000000000000e+02 1.025000000000000000e+02
2.460000000000000000e+02 1.020000000000000000e+02
2.451250000000000000e+02 1.015000000000000000e+02
2.440000000000000000e+02 1.010000000000000000e+02
2.440000000000000000e+02 1.010000000000000000e+02
2.435000000000000000e+02 1.005000000000000000e+02
2.430000000000000000e+02 1.000000000000000000e+02
2.425000000000000000e+02 9.950000000000000000e+01
2.420000000000000000e+02 9.900000000000000000e+01
2.420000000000000000e+02 9.900000000000000000e+01
2.416250000000000000e+02 9.837500000000000000e+01
2.410000000000000000e+02 9.800000000000000000e+01
2.401250000000000000e+02 9.787500000000000000e+01
2.390000000000000000e+02 9.800000000000000000e+01
2.390000000000000000e+02 9.800000000000000000e+01
2.380000000000000000e+02 9.812500000000000000e+01
2.370000000000000000e+02 9.800000000000000000e+01
2.360000000000000000e+02 9.762500000000000000e+01
2.350000000000000000e+02 9.700000000000000000e+01
2.350000000000000000e+02 9.700000000000000000e+01
2.340000000000000000e+02 9.637500000000000000e+01
2.330000000000000000e+02 9.600000000000000000e+01
2.320000000000000000e+02 9.587500000000000000e+01
2.310000000000000000e+02 9.600000000000000000e+01
2.310000000000000000e+02 9.600000000000000000e+01
2.306250000000000000e+02 9.537500000000000000e+01
2.300000000000000000e+02 9.500000000000000000e+01
2.291250000000000000e+02 9.487500000000000000e+01
2.280000000000000000e+02 9.500000000000000000e+01
2.280000000000000000e+02 9.500000000000000000e+01
2.270000000000000000e+02 9.500000000000000000e+01
2.260000000000000000e+02 9.500000000000000000e+01
2.250000000000000000e+02 9.500000000000000000e+01
2.240000000000000000e+02 9.500000000000000000e+01
2.240000000000000000e+02 9.500000000000000000e+01
2.230000000000000000e+02 9.500000000000000000e+01
2.220000000000000000e+02 9.500000000000000000e+01
2.210000000000000000e+02 9.500000000000000000e+01
2.200000000000000000e+02 9.500000000000000000e+01
2.200000000000000000e+02 9.500000000000000000e+01
2.190000000000000000e+02 9.500000000000000000e+01
2.180000000000000000e+02 9.500000000000000000e+01
2.170000000000000000e+02 9.500000000000000000e+01
2.160000000000000000e+02 9.500000000000000000e+01
2.160000000000000000e+02 9.500000000000000000e+01
2.150000000000000000e+02 9.500000000000000000e+01
2.140000000000000000e+02 9.500000000000000000e+01
2.130000000000000000e+02 9.500000000000000000e+01
2.120000000000000000e+02 9.500000000000000000e+01
2.120000000000000000e+02 9.500000000000000000e+01
2.110000000000000000e+02 9.500000000000000000e+01
2.100000000000000000e+02 9.500000000000000000e+01
2.090000000000000000e+02 9.500000000000000000e+01
2.080000000000000000e+02 9.500000000000000000e+01
2.080000000000000000e+02 9.500000000000000000e+01
2.070000000000000000e+02 9.500000000000000000e+01
2.060000000000000000e+02 9.500000000000000000e+01
2.050000000000000000e+02 9.500000000000000000e+01
2.040000000000000000e+02 9.500000000000000000e+01
