1.670000000000000000e+02 1.710000000000000000e+02
1.670000000000000000e+02 1.720000000000000000e+02
1.670000000000000000e+02 1.730000000000000000e+02
1.670000000000000000e+02 1.740000000000000000e+02
1.670000000000000000e+02 1.750000000000000000e+02
1.670000000000000000e+02 1.750000000000000000e+02
1.668750000000000000e+02 1.760000000000000000e+02
1.670000000000000000e+02 1.770000000000000000e+02
1.673750000000000000e+02 1.780000000000000000e+02
1.680000000000000000e+02 1.790000000000000000e+02
1.680000000000000000e+02 1.790000000000000000e+02
1.686250000000000000e+02 1.800000000000000000e+02
1.690000000000000000e+02 1.810000000000000000e+02
1.691250000000000000e+02 1.820000000000000000e+02
1.690000000000000000e+02 1.830000000000000000e+02
1.690000000000000000e+02 1.830000000000000000e+02
1.688750000000000000e+02 1.841250000000000000e+02
1.690000000000000000e+02 1.850000000000000000e+02
1.693750000000000000e+02 1.856250000000000000e+02
1.700000000000000000e+02 1.860000000000000000e+02
1.700000000000000000e+02 1.860000000000000000e+02
1.705000000000000000e+02 1.871250000000000000e+02
1.710000000000000000e+02 1.880000000000000000e+02
1.715000000000000000e+02 1.886250000000000000e+02
1.720000000000000000e+02 1.890000000000000000e+02
1.720000000000000000e+02 1.890000000000000000e+02
1.725000000000000000e+02 1.895000000000000000e+02
1.730000000000000000e+02 1.900000000000000000e+02
1.735000000000000000e+02 1.905000000000000000e+02
1.740000000000000000e+02 1.910000000000000000e+02
1.740000000000000000e+02 1.910000000000000000e+02
1.745000000000000000e+02 1.920000000000000000e+02
1.750000000000000000e+02 1.930000000000000000e+02
1.755000000000000000e+02 1.940000000000000000e+02
1.760000000000000000e+02 1.950000000000000000e+02
1.760000000000000000e+02 1.950000000000000000e+02
1.763750000000000000e+02 1.955000000000000000e+02
1.770000000000000000e+02 1.960000000000000000e+02
1.778750000000000000e+02 1.965000000000000000e+02
1.790000000000000000e+02 1.970000000000000000e+02
1.790000000000000000e+02 1.970000000000000000e+02
1.793750000000000000e+02 1.981250000000000000e+02
1.800000000000000000e+02 1.990000000000000000e+02
1.808750000000000000e+02 1.996250000000000000e+02
1.820000000000000000e+02 2.000000000000000000e+02
1.820000000000000000e+02 2.000000000000000000e+02
1.825000000000000000e+02 2.005000000000000000e+02
1.830000000000000000e+02 2.010000000000000000e+02
1.835000000000000000e+02 2.015000000000000000e+02
1.840000000000000000e+02 2.020000000000000000e+02
1.840000000000000000e+02 2.020000000000000000e+02
1.845000000000000000e+02 2.025000000000000000e+02
1.850000000000000000e+02 2.030000000000000000e+02
1.855000000000000000e+02 2.035000000000000000e+02
1.860000000000000000e+02 2.040000000000000000e+02
1.860000000000000000e+02 2.040000000000000000e+02
1.863750000000000000e+02 2.045000000000000000e+02
1.870000000000000000e+02 2.050000000000000000e+02
1.878750000000000000e+02 2.055000000000000000e+02
1.890000000000000000e+02 2.060000000000000000e+02
1.890000000000000000e+02 2.060000000000000000e+02
1.900000000000000000e+02 2.060000000000000000e+02
1.910000000000000000e+02 2.060000000000000000e+02
1.920000000000000000e+02 2.060000000000000000e+02
1.930000000000000000e+02 2.060000000000000000e+02
1.930000000000000000e+02 2.060000000000000000e+02
1.940000000000000000e+02 2.060000000000000000e+02
1.950000000000000000e+02 2.060000000000000000e+02
1.960000000000000000e+02 2.060000000000000000e+02
1.970000000000000000e+02 2.060000000000000000e+02
1.970000000000000000e+02 2.060000000000000000e+02
1.980000000000000000e+02 2.060000000000000000e+02
1.990000000000000000e+02 2.060000000000000000e+02
2.000000000000000000e+02 2.060000000000000000e+02
2.010000000000000000e+02 2.060000000000000000e+02
2.010000000000000000e+02 2.060000000000000000e+02
2.020000000000000000e+02 2.060000000000000000e+02
2.030000000000000000e+02 2.060000000000000000e+02
2.040000000000000000e+02 2.060000000000000000e+02
2.050000000000000000e+02 2.060000000000000000e+02
2.050000000000000000e+02 2.060000000000000000e+02
2.060000000000000000e+02 2.060000000000000000e+02
2.070000000000000000e+02 2.060000000000000000e+02
2.080000000000000000e+02 2.060000000000000000e+02
2.090000000000000000e+02 2.060000000000000000e+02
2.090000000000000000e+02 2.060000000000000000e+02
2.100000000000000000e+02 2.060000000000000000e+02
2.110000000000000000e+02 2.060000000000000000e+02
2.120000000000000000e+02 2.060000000000000000e+02
2.130000000000000000e+02 2.060000000000000000e+02
2.130000000000000000e+02 2.060000000000000000e+02
2.140000000000000000e+02 2.060000000000000000e+02
2.150000000000000000e+02 2.060000000000000000e+02
2.160000000000000000e+02 2.060000000000000000e+02
2.170000000000000000e+02 2.060000000000000000e+02
2.170000000000000000e+02 2.060000000000000000e+02
2.180000000000000000e+02 2.060000000000000000e+02
2.190000000000000000e+02 2.060000000000000000e+02
2.200000000000000000e+02 2.060000000000000000e+02
2.210000000000000000e+02 2.060000000000000000e+02
2.210000000000000000e+02 2.060000000000000000e+02
2.220000000000000000e+02 2.061250000000000000e+02
2.230000000000000000e+02 2.060000000000000000e+02
2.240000000000000000e+02 2.056250000000000000e+02
2.250000000000000000e+02 2.050000000000000000e+02
2.250000000000000000e+02 2.050000000000000000e+02
2.255000000000000000e+02 2.045000000000000000e+02
2.260000000000000000e+02 2.040000000000000000e+02
2.265000000000000000e+02 2.035000000000000000e+02
2.270000000000000000e+02 2.030000000000000000e+02
2.270000000000000000e+02 2.030000000000000000e+02
2.280000000000000000e+02 2.023750000000000000e+02
2.290000000000000000e+02 2.020000000000000000e+02
2.300000000000000000e+02 2.018750000000000000e+02
2.310000000000000000e+02 2.020000000000000000e+02
2.310000000000000000e+02 2.020000000000000000e+02
2.320000000000000000e+02 2.013750000000000000e+02
2.330000000000000000e+02 2.010000000000000000e+02
2.340000000000000000e+02 2.008750000000000000e+02
2.350000000000000000e+02 2.010000000000000000e+02
2.350000000000000000e+02 2.010000000000000000e+02
2.355000000000000000e+02 2.005000000000000000e+02
2.360000000000000000e+02 2.000000000000000000e+02
2.365000000000000000e+02 1.995000000000000000e+02
2.370000000000000000e+02 1.990000000000000000e+02
2.370000000000000000e+02 1.990000000000000000e+02
2.380000000000000000e+02 1.983750000000000000e+02
2.390000000000000000e+02 1.980000000000000000e+02
2.400000000000000000e+02 1.978750000000000000e+02
2.410000000000000000e+02 1.980000000000000000e+02
2.410000000000000000e+02 1.980000000000000000e+02
2.413750000000000000e+02 1.975000000000000000e+02
2.420000000000000000e+02 1.970000000000000000e+02
2.428750000000000000e+02 1.965000000000000000e+02
2.440000000000000000e+02 1.960000000000000000e+02
2.440000000000000000e+02 1.960000000000000000e+02
2.445000000000000000e+02 1.956250000000000000e+02
2.450000000000000000e+02 1.950000000000000000e+02
2.455000000000000000e+02 1.941250000000000000e+02
2.460000000000000000e+02 1.930000000000000000e+02
2.460000000000000000e+02 1.930000000000000000e+02
2.472500000000000000e+02 1.926250000000000000e+02
2.480000000000000000e+02 1.920000000000000000e+02
2.482500000000000000e+02 1.911250000000000000e+02
2.480000000000000000e+02 1.900000000000000000e+02
2.480000000000000000e+02 1.900000000000000000e+02
2.485000000000000000e+02 1.895000000000000000e+02
2.490000000000000000e+02 1.890000000000000000e+02
2.495000000000000000e+02 1.885000000000000000e+02
2.500000000000000000e+02 1.880000000000000000e+02
2.500000000000000000e+02 1.880000000000000000e+02
2.512500000000000000e+02 1.876250000000000000e+02
2.520000000000000000e+02 1.870000000000000000e+02
2.522500000000000000e+02 1.861250000000000000e+02
2.520000000000000000e+02 1.850000000000000000e+02
2.520000000000000000e+02 1.850000000000000000e+02
2.520000000000000000e+02 1.840000000000000000e+02
2.520000000000000000e+02 1.830000000000000000e+02
2.520000000000000000e+02 1.820000000000000000e+02
2.520000000000000000e+02 1.810000000000000000e+02
2.520000000000000000e+02 1.810000000000000000e+02
2.518750000000000000e+02 1.798750000000000000e+02
2.520000000000000000e+02 1.790000000000000000e+02
2.523750000000000000e+02 1.783750000000000000e+02
2.530000000000000000e+02 1.780000000000000000e+02
2.530000000000000000e+02 1.780000000000000000e+02
2.530000000000000000e+02 1.770000000000000000e+02
2.530000000000000000e+02 1.760000000000000000e+02
2.530000000000000000e+02 1.750000000000000000e+02
2.530000000000000000e+02 1.740000000000000000e+02
2.530000000000000000e+02 1.740000000000000000e+02
2.530000000000000000e+02 1.730000000000000000e+02
2.530000000000000000e+02 1.720000000000000000e+02
2.530000000000000000e+02 1.710000000000000000e+02
2.530000000000000000e+02 1.700000000000000000e+02
2.530000000000000000e+02 1.700000000000000000e+02
2.530000000000000000e+02 1.690000000000000000e+02
2.530000000000000000e+02 1.680000000000000000e+02
2.530000000000000000e+02 1.670000000000000000e+02
2.530000000000000000e+02 1.660000000000000000e+02
2.530000000000000000e+02 1.660000000000000000e+02
2.531250000000000000e+02 1.651250000000000000e+02
2.530000000000000000e+02 1.640000000000000000e+02
2.526250000000000000e+02 1.626250000000000000e+02
2.520000000000000000e+02 1.610000000000000000e+02
2.520000000000000000e+02 1.610000000000000000e+02
2.515000000000000000e+02 1.595000000000000000e+02
2.510000000000000000e+02 1.580000000000000000e+02
2.505000000000000000e+02 1.565000000000000000e+02
2.500000000000000000e+02 1.550000000000000000e+02
2.500000000000000000e+02 1.550000000000000000e+02
2.501250000000000000e+02 1.540000000000000000e+02
2.500000000000000000e+02 1.530000000000000000e+02
2.496250000000000000e+02 1.520000000000000000e+02
2.490000000000000000e+02 1.510000000000000000e+02
2.490000000000000000e+02 1.510000000000000000e+02
2.485000000000000000e+02 1.506250000000000000e+02
2.480000000000000000e+02 1.500000000000000000e+02
2.475000000000000000e+02 1.491250000000000000e+02
2.470000000000000000e+02 1.480000000000000000e+02
2.470000000000000000e+02 1.480000000000000000e+02
2.463750000000000000e+02 1.470000000000000000e+02
2.460000000000000000e+02 1.460000000000000000e+02
2.458750000000000000e+02 1.450000000000000000e+02
2.460000000000000000e+02 1.440000000000000000e+02
2.460000000000000000e+02 1.440000000000000000e+02
2.455000000000000000e+02 1.428750000000000000e+02
2.450000000000000000e+02 1.420000000000000000e+02
2.445000000000000000e+02 1.413750000000000000e+02
2.440000000000000000e+02 1.410000000000000000e+02
2.440000000000000000e+02 1.410000000000000000e+02
2.435000000000000000e+02 1.405000000000000000e+02
2.430000000000000000e+02 1.400000000000000000e+02
2.425000000000000000e+02 1.395000000000000000e+02
2.420000000000000000e+02 1.390000000000000000e+02
2.420000000000000000e+02 1.390000000000000000e+02
2.421250000000000000e+02 1.378750000000000000e+02
2.420000000000000000e+02 1.370000000000000000e+02
2.416250000000000000e+02 1.363750000000000000e+02
2.410000000000000000e+02 1.360000000000000000e+02
2.410000000000000000e+02 1.360000000000000000e+02
2.405000000000000000e+02 1.348750000000000000e+02
2.400000000000000000e+02 1.340000000000000000e+02
2.395000000000000000e+02 1.333750000000000000e+02
2.390000000000000000e+02 1.330000000000000000e+02
2.390000000000000000e+02 1.330000000000000000e+02
2.377500000000000000e+02 1.326250000000000000e+02
2.370000000000000000e+02 1.320000000000000000e+02
2.367500000000000000e+02 1.311250000000000000e+02
2.370000000000000000e+02 1.300000000000000000e+02
2.370000000000000000e+02 1.300000000000000000e+02
2.365000000000000000e+02 1.290000000000000000e+02
2.360000000000000000e+02 1.280000000000000000e+02
2.355000000000000000e+02 1.270000000000000000e+02
2.350000000000000000e+02 1.260000000000000000e+02
2.350000000000000000e+02 1.260000000000000000e+02
2.345000000000000000e+02 1.255000000000000000e+02
2.340000000000000000e+02 1.250000000000000000e+02
2.335000000000000000e+02 1.245000000000000000e+02
2.330000000000000000e+02 1.240000000000000000e+02
2.330000000000000000e+02 1.240000000000000000e+02
2.325000000000000000e+02 1.235000000000000000e+02
2.320000000000000000e+02 1.230000000000000000e+02
2.315000000000000000e+02 1.225000000000000000e+02
2.310000000000000000e+02 1.220000000000000000e+02
2.310000000000000000e+02 1.220000000000000000e+02
2.306250000000000000e+02 1.213750000000000000e+02
2.300000000000000000e+02 1.210000000000000000e+02
2.291250000000000000e+02 1.208750000000000000e+02
2.280000000000000000e+02 1.210000000000000000e+02
2.280000000000000000e+02 1.210000000000000000e+02
2.268750000000000000e+02 1.205000000000000000e+02
2.260000000000000000e+02 1.200000000000000000e+02
2.253750000000000000e+02 1.195000000000000000e+02
2.250000000000000000e+02 1.190000000000000000e+02
2.250000000000000000e+02 1.190000000000000000e+02
2.246250000000000000e+02 1.185000000000000000e+02
2.240000000000000000e+02 1.180000000000000000e+02
2.231250000000000000e+02 1.175000000000000000e+02
2.220000000000000000e+02 1.170000000000000000e+02
2.220000000000000000e+02 1.170000000000000000e+02
2.211250000000000000e+02 1.171250000000000000e+02
2.200000000000000000e+02 1.170000000000000000e+02
2.186250000000000000e+02 1.166250000000000000e+02
2.170000000000000000e+02 1.160000000000000000e+02
2.170000000000000000e+02 1.160000000000000000e+02
2.160000000000000000e+02 1.160000000000000000e+02
2.150000000000000000e+02 1.160000000000000000e+02
2.140000000000000000e+02 1.160000000000000000e+02
2.130000000000000000e+02 1.160000000000000000e+02
2.130000000000000000e+02 1.160000000000000000e+02
2.118750000000000000e+02 1.155000000000000000e+02
2.110000000000000000e+02 1.150000000000000000e+02
2.103750000000000000e+02 1.145000000000000000e+02
2.100000000000000000e+02 1.140000000000000000e+02
2.100000000000000000e+02 1.140000000000000000e+02
2.096250000000000000e+02 1.133750000000000000e+02
2.090000000000000000e+02 1.130000000000000000e+02
2.081250000000000000e+02 1.128750000000000000e+02
2.070000000000000000e+02 1.130000000000000000e+02
2.070000000000000000e+02 1.130000000000000000e+02
2.060000000000000000e+02 1.130000000000000000e+02
2.050000000000000000e+02 1.130000000000000000e+02
2.040000000000000000e+02 1.130000000000000000e+02
2.030000000000000000e+02 1.130000000000000000e+02
2.030000000000000000e+02 1.130000000000000000e+02
2.020000000000000000e+02 1.130000000000000000e+02
2.010000000000000000e+02 1.130000000000000000e+02
2.000000000000000000e+02 1.130000000000000000e+02
1.990000000000000000e+02 1.130000000000000000e+02
1.990000000000000000e+02 1.130000000000000000e+02
1.980000000000000000e+02 1.130000000000000000e+02
1.970000000000000000e+02 1.130000000000000000e+02
1.960000000000000000e+02 1.130000000000000000e+02
1.950000000000000000e+02 1.130000000000000000e+02
1.950000000000000000e+02 1.130000000000000000e+02
1.940000000000000000e+02 1.130000000000000000e+02
1.930000000000000000e+02 1.130000000000000000e+02
1.920000000000000000e+02 1.130000000000000000e+02
1.910000000000000000e+02 1.130000000000000000e+02
1.910000000000000000e+02 1.130000000000000000e+02
1.900000000000000000e+02 1.130000000000000000e+02
1.890000000000000000e+02 1.130000000000000000e+02
1.880000000000000000e+02 1.130000000000000000e+02
1.870000000000000000e+02 1.130000000000000000e+02
1.870000000000000000e+02 1.130000000000000000e+02
1.860000000000000000e+02 1.130000000000000000e+02
1.850000000000000000e+02 1.130000000000000000e+02
1.840000000000000000e+02 1.130000000000000000e+02
1.830000000000000000e+02 1.130000000000000000e+02
1.830000000000000000e+02 1.130000000000000000e+02
1.820000000000000000e+02 1.130000000000000000e+02
1.810000000000000000e+02 1.130000000000000000e+02
1.800000000000000000e+02 1.130000000000000000e+02
1.790000000000000000e+02 1.130000000000000000e+02
1.790000000000000000e+02 1.130000000000000000e+02
1.780000000000000000e+02 1.130000000000000000e+02
1.770000000000000000e+02 1.130000000000000000e+02
1.760000000000000000e+02 1.130000000000000000e+02
1.750000000000000000e+02 1.130000000000000000e+02
1.750000000000000000e+02 1.130000000000000000e+02
1.738750000000000000e+02 1.128750000000000000e+02
1.730000000000000000e+02 1.130000000000000000e+02
1.723750000000000000e+02 1.133750000000000000e+02
1.720000000000000000e+02 1.140000000000000000e+02
1.720000000000000000e+02 1.140000000000000000e+02
1.716250000000000000e+02 1.146250000000000000e+02
1.710000000000000000e+02 1.150000000000000000e+02
1.701250000000000000e+02 1.151250000000000000e+02
1.690000000000000000e+02 1.150000000000000000e+02
1.690000000000000000e+02 1.150000000000000000e+02
1.686250000000000000e+02 1.156250000000000000e+02
1.680000000000000000e+02 1.160000000000000000e+02
1.671250000000000000e+02 1.161250000000000000e+02
1.660000000000000000e+02 1.160000000000000000e+02
1.660000000000000000e+02 1.160000000000000000e+02
1.648750000000000000e+02 1.165000000000000000e+02
1.640000000000000000e+02 1.170000000000000000e+02
1.633750000000000000e+02 1.175000000000000000e+02
1.630000000000000000e+02 1.180000000000000000e+02
1.630000000000000000e+02 1.180000000000000000e+02
1.626250000000000000e+02 1.186250000000000000e+02
1.620000000000000000e+02 1.190000000000000000e+02
1.611250000000000000e+02 1.191250000000000000e+02
1.600000000000000000e+02 1.190000000000000000e+02
1.600000000000000000e+02 1.190000000000000000e+02
1.588750000000000000e+02 1.188750000000000000e+02
1.580000000000000000e+02 1.190000000000000000e+02
1.573750000000000000e+02 1.193750000000000000e+02
1.570000000000000000e+02 1.200000000000000000e+02
1.570000000000000000e+02 1.200000000000000000e+02
1.560000000000000000e+02 1.200000000000000000e+02
1.550000000000000000e+02 1.200000000000000000e+02
1.540000000000000000e+02 1.200000000000000000e+02
1.530000000000000000e+02 1.200000000000000000e+02
1.530000000000000000e+02 1.200000000000000000e+02
1.518750000000000000e+02 1.202500000000000000e+02
1.510000000000000000e+02 1.210000000000000000e+02
1.503750000000000000e+02 1.222500000000000000e+02
1.500000000000000000e+02 1.240000000000000000e+02
1.500000000000000000e+02 1.240000000000000000e+02
1.496250000000000000e+02 1.245000000000000000e+02
1.490000000000000000e+02 1.250000000000000000e+02
1.481250000000000000e+02 1.255000000000000000e+02
1.470000000000000000e+02 1.260000000000000000e+02
1.470000000000000000e+02 1.260000000000000000e+02
1.465000000000000000e+02 1.263750000000000000e+02
1.460000000000000000e+02 1.270000000000000000e+02
1.455000000000000000e+02 1.278750000000000000e+02
1.450000000000000000e+02 1.290000000000000000e+02
1.450000000000000000e+02 1.290000000000000000e+02
1.440000000000000000e+02 1.295000000000000000e+02
1.430000000000000000e+02 1.300000000000000000e+02
1.420000000000000000e+02 1.305000000000000000e+02
1.410000000000000000e+02 1.310000000000000000e+02
1.410000000000000000e+02 1.310000000000000000e+02
1.403750000000000000e+02 1.313750000000000000e+02
1.400000000000000000e+02 1.320000000000000000e+02
1.398750000000000000e+02 1.328750000000000000e+02
1.400000000000000000e+02 1.340000000000000000e+02
1.400000000000000000e+02 1.340000000000000000e+02
1.395000000000000000e+02 1.345000000000000000e+02
1.390000000000000000e+02 1.350000000000000000e+02
1.385000000000000000e+02 1.355000000000000000e+02
1.380000000000000000e+02 1.360000000000000000e+02
1.380000000000000000e+02 1.360000000000000000e+02
1.373750000000000000e+02 1.363750000000000000e+02
1.370000000000000000e+02 1.370000000000000000e+02
1.368750000000000000e+02 1.378750000000000000e+02
1.370000000000000000e+02 1.390000000000000000e+02
1.370000000000000000e+02 1.390000000000000000e+02
1.363750000000000000e+02 1.400000000000000000e+02
1.360000000000000000e+02 1.410000000000000000e+02
1.358750000000000000e+02 1.420000000000000000e+02
1.360000000000000000e+02 1.430000000000000000e+02
1.360000000000000000e+02 1.430000000000000000e+02
1.355000000000000000e+02 1.441250000000000000e+02
1.350000000000000000e+02 1.450000000000000000e+02
1.345000000000000000e+02 1.456250000000000000e+02
1.340000000000000000e+02 1.460000000000000000e+02
1.340000000000000000e+02 1.460000000000000000e+02
1.335000000000000000e+02 1.463750000000000000e+02
1.330000000000000000e+02 1.470000000000000000e+02
1.325000000000000000e+02 1.478750000000000000e+02
1.320000000000000000e+02 1.490000000000000000e+02
1.320000000000000000e+02 1.490000000000000000e+02
1.313750000000000000e+02 1.493750000000000000e+02
1.310000000000000000e+02 1.500000000000000000e+02
1.308750000000000000e+02 1.508750000000000000e+02
1.310000000000000000e+02 1.520000000000000000e+02
1.310000000000000000e+02 1.520000000000000000e+02
1.305000000000000000e+02 1.530000000000000000e+02
1.300000000000000000e+02 1.540000000000000000e+02
1.295000000000000000e+02 1.550000000000000000e+02
1.290000000000000000e+02 1.560000000000000000e+02
1.290000000000000000e+02 1.560000000000000000e+02
1.285000000000000000e+02 1.565000000000000000e+02
1.280000000000000000e+02 1.570000000000000000e+02
1.275000000000000000e+02 1.575000000000000000e+02
1.270000000000000000e+02 1.580000000000000000e+02
1.270000000000000000e+02 1.580000000000000000e+02
1.265000000000000000e+02 1.585000000000000000e+02
1.260000000000000000e+02 1.590000000000000000e+02
1.255000000000000000e+02 1.595000000000000000e+02
1.250000000000000000e+02 1.600000000000000000e+02
1.250000000000000000e+02 1.600000000000000000e+02
1.251250000000000000e+02 1.611250000000000000e+02
1.250000000000000000e+02 1.620000000000000000e+02
1.246250000000000000e+02 1.626250000000000000e+02
1.240000000000000000e+02 1.630000000000000000e+02
1.240000000000000000e+02 1.630000000000000000e+02
1.240000000000000000e+02 1.640000000000000000e+02
1.240000000000000000e+02 1.650000000000000000e+02
1.240000000000000000e+02 1.660000000000000000e+02
1.240000000000000000e+02 1.670000000000000000e+02
1.240000000000000000e+02 1.670000000000000000e+02
1.240000000000000000e+02 1.680000000000000000e+02
1.240000000000000000e+02 1.690000000000000000e+02
1.240000000000000000e+02 1.700000000000000000e+02
1.240000000000000000e+02 1.710000000000000000e+02
1.240000000000000000e+02 1.710000000000000000e+02
1.233750000000000000e+02 1.720000000000000000e+02
1.230000000000000000e+02 1.730000000000000000e+02
1.228750000000000000e+02 1.740000000000000000e+02
1.230000000000000000e+02 1.750000000000000000e+02
1.230000000000000000e+02 1.750000000000000000e+02
1.230000000000000000e+02 1.760000000000000000e+02
1.230000000000000000e+02 1.770000000000000000e+02
1.230000000000000000e+02 1.780000000000000000e+02
1.230000000000000000e+02 1.790000000000000000e+02
1.230000000000000000e+02 1.790000000000000000e+02
1.223750000000000000e+02 1.793750000000000000e+02
1.220000000000000000e+02 1.800000000000000000e+02
1.218750000000000000e+02 1.808750000000000000e+02
1.220000000000000000e+02 1.820000000000000000e+02
1.220000000000000000e+02 1.820000000000000000e+02
1.220000000000000000e+02 1.830000000000000000e+02
1.220000000000000000e+02 1.840000000000000000e+02
1.220000000000000000e+02 1.850000000000000000e+02
1.220000000000000000e+02 1.860000000000000000e+02
1.220000000000000000e+02 1.860000000000000000e+02
1.218750000000000000e+02 1.868750000000000000e+02
1.220000000000000000e+02 1.880000000000000000e+02
1.223750000000000000e+02 1.893750000000000000e+02
1.230000000000000000e+02 1.910000000000000000e+02
1.230000000000000000e+02 1.910000000000000000e+02
1.230000000000000000e+02 1.920000000000000000e+02
1.230000000000000000e+02 1.930000000000000000e+02
1.230000000000000000e+02 1.940000000000000000e+02
1.230000000000000000e+02 1.950000000000000000e+02
1.230000000000000000e+02 1.950000000000000000e+02
1.228750000000000000e+02 1.960000000000000000e+02
1.230000000000000000e+02 1.970000000000000000e+02
1.233750000000000000e+02 1.980000000000000000e+02
1.240000000000000000e+02 1.990000000000000000e+02
1.240000000000000000e+02 1.990000000000000000e+02
1.245000000000000000e+02 1.993750000000000000e+02
1.250000000000000000e+02 2.000000000000000000e+02
1.255000000000000000e+02 2.008750000000000000e+02
1.260000000000000000e+02 2.020000000000000000e+02
1.260000000000000000e+02 2.020000000000000000e+02
1.266250000000000000e+02 2.023750000000000000e+02
1.270000000000000000e+02 2.030000000000000000e+02
1.271250000000000000e+02 2.038750000000000000e+02
1.270000000000000000e+02 2.050000000000000000e+02
1.270000000000000000e+02 2.050000000000000000e+02
1.268750000000000000e+02 2.060000000000000000e+02
1.270000000000000000e+02 2.070000000000000000e+02
1.273750000000000000e+02 2.080000000000000000e+02
1.280000000000000000e+02 2.090000000000000000e+02
1.280000000000000000e+02 2.090000000000000000e+02
1.278750000000000000e+02 2.098750000000000000e+02
1.280000000000000000e+02 2.110000000000000000e+02
1.283750000000000000e+02 2.123750000000000000e+02
1.290000000000000000e+02 2.140000000000000000e+02
1.290000000000000000e+02 2.140000000000000000e+02
1.296250000000000000e+02 2.150000000000000000e+02
1.300000000000000000e+02 2.160000000000000000e+02
1.301250000000000000e+02 2.170000000000000000e+02
1.300000000000000000e+02 2.180000000000000000e+02
1.300000000000000000e+02 2.180000000000000000e+02
1.305000000000000000e+02 2.185000000000000000e+02
1.310000000000000000e+02 2.190000000000000000e+02
1.315000000000000000e+02 2.195000000000000000e+02
1.320000000000000000e+02 2.200000000000000000e+02
1.320000000000000000e+02 2.200000000000000000e+02
1.325000000000000000e+02 2.216250000000000000e+02
1.330000000000000000e+02 2.230000000000000000e+02
1.335000000000000000e+02 2.241250000000000000e+02
1.340000000000000000e+02 2.250000000000000000e+02
1.340000000000000000e+02 2.250000000000000000e+02
1.343750000000000000e+02 2.255000000000000000e+02
1.350000000000000000e+02 2.260000000000000000e+02
1.358750000000000000e+02 2.265000000000000000e+02
1.370000000000000000e+02 2.270000000000000000e+02
1.370000000000000000e+02 2.270000000000000000e+02
1.375000000000000000e+02 2.275000000000000000e+02
1.380000000000000000e+02 2.280000000000000000e+02
1.385000000000000000e+02 2.285000000000000000e+02
1.390000000000000000e+02 2.290000000000000000e+02
1.390000000000000000e+02 2.290000000000000000e+02
1.393750000000000000e+02 2.296250000000000000e+02
1.400000000000000000e+02 2.300000000000000000e+02
1.408750000000000000e+02 2.301250000000000000e+02
1.420000000000000000e+02 2.300000000000000000e+02
1.420000000000000000e+02 2.300000000000000000e+02
1.422500000000000000e+02 2.305000000000000000e+02
1.430000000000000000e+02 2.310000000000000000e+02
1.442500000000000000e+02 2.315000000000000000e+02
1.460000000000000000e+02 2.320000000000000000e+02
1.460000000000000000e+02 2.320000000000000000e+02
1.465000000000000000e+02 2.325000000000000000e+02
1.470000000000000000e+02 2.330000000000000000e+02
1.475000000000000000e+02 2.335000000000000000e+02
1.480000000000000000e+02 2.340000000000000000e+02
1.480000000000000000e+02 2.340000000000000000e+02
1.490000000000000000e+02 2.346250000000000000e+02
1.500000000000000000e+02 2.350000000000000000e+02
1.510000000000000000e+02 2.351250000000000000e+02
1.520000000000000000e+02 2.350000000000000000e+02
1.520000000000000000e+02 2.350000000000000000e+02
1.525000000000000000e+02 2.355000000000000000e+02
1.530000000000000000e+02 2.360000000000000000e+02
1.535000000000000000e+02 2.365000000000000000e+02
1.540000000000000000e+02 2.370000000000000000e+02
1.540000000000000000e+02 2.370000000000000000e+02
1.545000000000000000e+02 2.375000000000000000e+02
1.550000000000000000e+02 2.380000000000000000e+02
1.555000000000000000e+02 2.385000000000000000e+02
1.560000000000000000e+02 2.390000000000000000e+02
1.560000000000000000e+02 2.390000000000000000e+02
1.571250000000000000e+02 2.395000000000000000e+02
1.580000000000000000e+02 2.400000000000000000e+02
1.586250000000000000e+02 2.405000000000000000e+02
1.590000000000000000e+02 2.410000000000000000e+02
1.590000000000000000e+02 2.410000000000000000e+02
1.598750000000000000e+02 2.408750000000000000e+02
1.610000000000000000e+02 2.410000000000000000e+02
1.623750000000000000e+02 2.413750000000000000e+02
1.640000000000000000e+02 2.420000000000000000e+02
1.640000000000000000e+02 2.420000000000000000e+02
1.645000000000000000e+02 2.425000000000000000e+02
1.650000000000000000e+02 2.430000000000000000e+02
1.655000000000000000e+02 2.435000000000000000e+02
1.660000000000000000e+02 2.440000000000000000e+02
1.660000000000000000e+02 2.440000000000000000e+02
1.670000000000000000e+02 2.446250000000000000e+02
1.680000000000000000e+02 2.450000000000000000e+02
1.690000000000000000e+02 2.451250000000000000e+02
1.700000000000000000e+02 2.450000000000000000e+02
1.700000000000000000e+02 2.450000000000000000e+02
1.710000000000000000e+02 2.450000000000000000e+02
1.720000000000000000e+02 2.450000000000000000e+02
1.730000000000000000e+02 2.450000000000000000e+02
1.740000000000000000e+02 2.450000000000000000e+02
1.740000000000000000e+02 2.450000000000000000e+02
1.743750000000000000e+02 2.456250000000000000e+02
1.750000000000000000e+02 2.460000000000000000e+02
1.758750000000000000e+02 2.461250000000000000e+02
1.770000000000000000e+02 2.460000000000000000e+02
1.770000000000000000e+02 2.460000000000000000e+02
1.781250000000000000e+02 2.458750000000000000e+02
1.790000000000000000e+02 2.460000000000000000e+02
1.796250000000000000e+02 2.463750000000000000e+02
1.800000000000000000e+02 2.470000000000000000e+02
1.800000000000000000e+02 2.470000000000000000e+02
1.803750000000000000e+02 2.476250000000000000e+02
1.810000000000000000e+02 2.480000000000000000e+02
1.818750000000000000e+02 2.481250000000000000e+02
1.830000000000000000e+02 2.480000000000000000e+02
1.830000000000000000e+02 2.480000000000000000e+02
1.846250000000000000e+02 2.486250000000000000e+02
1.860000000000000000e+02 2.490000000000000000e+02
1.871250000000000000e+02 2.491250000000000000e+02
1.880000000000000000e+02 2.490000000000000000e+02
1.880000000000000000e+02 2.490000000000000000e+02
1.896250000000000000e+02 2.496250000000000000e+02
1.910000000000000000e+02 2.500000000000000000e+02
1.921250000000000000e+02 2.501250000000000000e+02
1.930000000000000000e+02 2.500000000000000000e+02
1.930000000000000000e+02 2.500000000000000000e+02
1.940000000000000000e+02 2.500000000000000000e+02
1.950000000000000000e+02 2.500000000000000000e+02
1.960000000000000000e+02 2.500000000000000000e+02
1.970000000000000000e+02 2.500000000000000000e+02
1.970000000000000000e+02 2.500000000000000000e+02
1.980000000000000000e+02 2.500000000000000000e+02
1.990000000000000000e+02 2.500000000000000000e+02
2.000000000000000000e+02 2.500000000000000000e+02
2.010000000000000000e+02 2.500000000000000000e+02
2.010000000000000000e+02 2.500000000000000000e+02
2.020000000000000000e+02 2.500000000000000000e+02
2.030000000000000000e+02 2.500000000000000000e+02
2.040000000000000000e+02 2.500000000000000000e+02
2.050000000000000000e+02 2.500000000000000000e+02
2.050000000000000000e+02 2.500000000000000000e+02
2.060000000000000000e+02 2.500000000000000000e+02
2.070000000000000000e+02 2.500000000000000000e+02
2.080000000000000000e+02 2.500000000000000000e+02
2.090000000000000000e+02 2.500000000000000000e+02
2.090000000000000000e+02 2.500000000000000000e+02
2.093750000000000000e+02 2.506250000000000000e+02
2.100000000000000000e+02 2.510000000000000000e+02
2.108750000000000000e+02 2.511250000000000000e+02
2.120000000000000000e+02 2.510000000000000000e+02
2.120000000000000000e+02 2.510000000000000000e+02
2.137500000000000000e+02 2.515000000000000000e+02
2.150000000000000000e+02 2.520000000000000000e+02
2.157500000000000000e+02 2.525000000000000000e+02
2.160000000000000000e+02 2.530000000000000000e+02
2.160000000000000000e+02 2.530000000000000000e+02
2.170000000000000000e+02 2.530000000000000000e+02
2.180000000000000000e+02 2.530000000000000000e+02
2.190000000000000000e+02 2.530000000000000000e+02
2.200000000000000000e+02 2.530000000000000000e+02
2.200000000000000000e+02 2.530000000000000000e+02
2.210000000000000000e+02 2.530000000000000000e+02
2.220000000000000000e+02 2.530000000000000000e+02
2.230000000000000000e+02 2.530000000000000000e+02
2.240000000000000000e+02 2.530000000000000000e+02
2.240000000000000000e+02 2.530000000000000000e+02
2.250000000000000000e+02 2.530000000000000000e+02
2.260000000000000000e+02 2.530000000000000000e+02
2.270000000000000000e+02 2.530000000000000000e+02
2.280000000000000000e+02 2.530000000000000000e+02
2.280000000000000000e+02 2.530000000000000000e+02
2.290000000000000000e+02 2.530000000000000000e+02
2.300000000000000000e+02 2.530000000000000000e+02
2.310000000000000000e+02 2.530000000000000000e+02
2.320000000000000000e+02 2.530000000000000000e+02
2.320000000000000000e+02 2.530000000000000000e+02
2.330000000000000000e+02 2.530000000000000000e+02
2.340000000000000000e+02 2.530000000000000000e+02
2.350000000000000000e+02 2.530000000000000000e+02
2.360000000000000000e+02 2.530000000000000000e+02
2.360000000000000000e+02 2.530000000000000000e+02
2.370000000000000000e+02 2.530000000000000000e+02
2.380000000000000000e+02 2.530000000000000000e+02
2.390000000000000000e+02 2.530000000000000000e+02
2.400000000000000000e+02 2.530000000000000000e+02
2.400000000000000000e+02 2.530000000000000000e+02
2.411250000000000000e+02 2.531250000000000000e+02
2.420000000000000000e+02 2.530000000000000000e+02
2.426250000000000000e+02 2.526250000000000000e+02
2.430000000000000000e+02 2.520000000000000000e+02
2.430000000000000000e+02 2.520000000000000000e+02
2.440000000000000000e+02 2.521250000000000000e+02
2.450000000000000000e+02 2.520000000000000000e+02
2.460000000000000000e+02 2.516250000000000000e+02
2.470000000000000000e+02 2.510000000000000000e+02
2.470000000000000000e+02 2.510000000000000000e+02
2.481250000000000000e+02 2.511250000000000000e+02
2.490000000000000000e+02 2.510000000000000000e+02
2.496250000000000000e+02 2.506250000000000000e+02
2.500000000000000000e+02 2.500000000000000000e+02
2.500000000000000000e+02 2.500000000000000000e+02
2.503750000000000000e+02 2.495000000000000000e+02
2.510000000000000000e+02 2.490000000000000000e+02
2.518750000000000000e+02 2.485000000000000000e+02
2.530000000000000000e+02 2.480000000000000000e+02
2.530000000000000000e+02 2.480000000000000000e+02
2.540000000000000000e+02 2.473750000000000000e+02
2.550000000000000000e+02 2.470000000000000000e+02
2.560000000000000000e+02 2.468750000000000000e+02
2.570000000000000000e+02 2.470000000000000000e+02
2.570000000000000000e+02 2.470000000000000000e+02
2.580000000000000000e+02 2.463750000000000000e+02
2.590000000000000000e+02 2.460000000000000000e+02
2.600000000000000000e+02 2.458750000000000000e+02
2.610000000000000000e+02 2.460000000000000000e+02
2.610000000000000000e+02 2.460000000000000000e+02
2.615000000000000000e+02 2.455000000000000000e+02
2.620000000000000000e+02 2.450000000000000000e+02
2.625000000000000000e+02 2.445000000000000000e+02
2.630000000000000000e+02 2.440000000000000000e+02
2.630000000000000000e+02 2.440000000000000000e+02
2.640000000000000000e+02 2.435000000000000000e+02
2.650000000000000000e+02 2.430000000000000000e+02
2.660000000000000000e+02 2.425000000000000000e+02
2.670000000000000000e+02 2.420000000000000000e+02
2.670000000000000000e+02 2.420000000000000000e+02
2.675000000000000000e+02 2.415000000000000000e+02
2.680000000000000000e+02 2.410000000000000000e+02
2.685000000000000000e+02 2.405000000000000000e+02
2.690000000000000000e+02 2.400000000000000000e+02
2.690000000000000000e+02 2.400000000000000000e+02
2.695000000000000000e+02 2.395000000000000000e+02
2.700000000000000000e+02 2.390000000000000000e+02
2.705000000000000000e+02 2.385000000000000000e+02
2.710000000000000000e+02 2.380000000000000000e+02
2.710000000000000000e+02 2.380000000000000000e+02
2.713750000000000000e+02 2.375000000000000000e+02
2.720000000000000000e+02 2.370000000000000000e+02
2.728750000000000000e+02 2.365000000000000000e+02
2.740000000000000000e+02 2.360000000000000000e+02
2.740000000000000000e+02 2.360000000000000000e+02
2.751250000000000000e+02 2.355000000000000000e+02
2.760000000000000000e+02 2.350000000000000000e+02
2.766250000000000000e+02 2.345000000000000000e+02
2.770000000000000000e+02 2.340000000000000000e+02
2.770000000000000000e+02 2.340000000000000000e+02
2.775000000000000000e+02 2.336250000000000000e+02
2.780000000000000000e+02 2.330000000000000000e+02
2.785000000000000000e+02 2.321250000000000000e+02
2.790000000000000000e+02 2.310000000000000000e+02
2.790000000000000000e+02 2.310000000000000000e+02
2.795000000000000000e+02 2.305000000000000000e+02
2.800000000000000000e+02 2.300000000000000000e+02
2.805000000000000000e+02 2.295000000000000000e+02
2.810000000000000000e+02 2.290000000000000000e+02
2.810000000000000000e+02 2.290000000000000000e+02
2.815000000000000000e+02 2.285000000000000000e+02
2.820000000000000000e+02 2.280000000000000000e+02
2.825000000000000000e+02 2.275000000000000000e+02
2.830000000000000000e+02 2.270000000000000000e+02
2.830000000000000000e+02 2.270000000000000000e+02
2.835000000000000000e+02 2.266250000000000000e+02
2.840000000000000000e+02 2.260000000000000000e+02
2.845000000000000000e+02 2.251250000000000000e+02
2.850000000000000000e+02 2.240000000000000000e+02
2.850000000000000000e+02 2.240000000000000000e+02
2.855000000000000000e+02 2.235000000000000000e+02
2.860000000000000000e+02 2.230000000000000000e+02
2.865000000000000000e+02 2.225000000000000000e+02
2.870000000000000000e+02 2.220000000000000000e+02
2.870000000000000000e+02 2.220000000000000000e+02
2.881250000000000000e+02 2.221250000000000000e+02
2.890000000000000000e+02 2.220000000000000000e+02
2.896250000000000000e+02 2.216250000000000000e+02
2.900000000000000000e+02 2.210000000000000000e+02
2.900000000000000000e+02 2.210000000000000000e+02
2.910000000000000000e+02 2.211250000000000000e+02
2.920000000000000000e+02 2.210000000000000000e+02
2.930000000000000000e+02 2.206250000000000000e+02
2.940000000000000000e+02 2.200000000000000000e+02
2.940000000000000000e+02 2.200000000000000000e+02
2.945000000000000000e+02 2.195000000000000000e+02
2.950000000000000000e+02 2.190000000000000000e+02
2.955000000000000000e+02 2.185000000000000000e+02
2.960000000000000000e+02 2.180000000000000000e+02
2.960000000000000000e+02 2.180000000000000000e+02
2.965000000000000000e+02 2.175000000000000000e+02
2.970000000000000000e+02 2.170000000000000000e+02
2.975000000000000000e+02 2.165000000000000000e+02
2.980000000000000000e+02 2.160000000000000000e+02
2.980000000000000000e+02 2.160000000000000000e+02
2.980000000000000000e+02 2.150000000000000000e+02
2.980000000000000000e+02 2.140000000000000000e+02
2.980000000000000000e+02 2.130000000000000000e+02
2.980000000000000000e+02 2.120000000000000000e+02
2.980000000000000000e+02 2.120000000000000000e+02
2.978750000000000000e+02 2.110000000000000000e+02
2.980000000000000000e+02 2.100000000000000000e+02
2.983750000000000000e+02 2.090000000000000000e+02
2.990000000000000000e+02 2.080000000000000000e+02
2.990000000000000000e+02 2.080000000000000000e+02
2.995000000000000000e+02 2.070000000000000000e+02
3.000000000000000000e+02 2.060000000000000000e+02
3.005000000000000000e+02 2.050000000000000000e+02
3.010000000000000000e+02 2.040000000000000000e+02
3.010000000000000000e+02 2.040000000000000000e+02
3.015000000000000000e+02 2.036250000000000000e+02
3.020000000000000000e+02 2.030000000000000000e+02
3.025000000000000000e+02 2.021250000000000000e+02
3.030000000000000000e+02 2.010000000000000000e+02
3.030000000000000000e+02 2.010000000000000000e+02
3.028750000000000000e+02 1.998750000000000000e+02
3.030000000000000000e+02 1.990000000000000000e+02
3.033750000000000000e+02 1.983750000000000000e+02
3.040000000000000000e+02 1.980000000000000000e+02
3.040000000000000000e+02 1.980000000000000000e+02
3.046250000000000000e+02 1.970000000000000000e+02
3.050000000000000000e+02 1.960000000000000000e+02
3.051250000000000000e+02 1.950000000000000000e+02
3.050000000000000000e+02 1.940000000000000000e+02
3.050000000000000000e+02 1.940000000000000000e+02
3.048750000000000000e+02 1.928750000000000000e+02
3.050000000000000000e+02 1.920000000000000000e+02
3.053750000000000000e+02 1.913750000000000000e+02
3.060000000000000000e+02 1.910000000000000000e+02
3.060000000000000000e+02 1.910000000000000000e+02
3.066250000000000000e+02 1.906250000000000000e+02
3.070000000000000000e+02 1.900000000000000000e+02
3.071250000000000000e+02 1.891250000000000000e+02
3.070000000000000000e+02 1.880000000000000000e+02
3.070000000000000000e+02 1.880000000000000000e+02
3.070000000000000000e+02 1.870000000000000000e+02
3.070000000000000000e+02 1.860000000000000000e+02
3.070000000000000000e+02 1.850000000000000000e+02
3.070000000000000000e+02 1.840000000000000000e+02
3.070000000000000000e+02 1.840000000000000000e+02
3.068750000000000000e+02 1.828750000000000000e+02
3.070000000000000000e+02 1.820000000000000000e+02
3.073750000000000000e+02 1.813750000000000000e+02
3.080000000000000000e+02 1.810000000000000000e+02
3.080000000000000000e+02 1.810000000000000000e+02
3.078750000000000000e+02 1.798750000000000000e+02
3.080000000000000000e+02 1.790000000000000000e+02
3.083750000000000000e+02 1.783750000000000000e+02
3.090000000000000000e+02 1.780000000000000000e+02
3.090000000000000000e+02 1.780000000000000000e+02
3.090000000000000000e+02 1.770000000000000000e+02
3.090000000000000000e+02 1.760000000000000000e+02
3.090000000000000000e+02 1.750000000000000000e+02
3.090000000000000000e+02 1.740000000000000000e+02
3.090000000000000000e+02 1.740000000000000000e+02
3.090000000000000000e+02 1.730000000000000000e+02
3.090000000000000000e+02 1.720000000000000000e+02
3.090000000000000000e+02 1.710000000000000000e+02
3.090000000000000000e+02 1.700000000000000000e+02
3.090000000000000000e+02 1.700000000000000000e+02
3.088750000000000000e+02 1.690000000000000000e+02
3.090000000000000000e+02 1.680000000000000000e+02
3.093750000000000000e+02 1.670000000000000000e+02
3.100000000000000000e+02 1.660000000000000000e+02
3.100000000000000000e+02 1.660000000000000000e+02
3.100000000000000000e+02 1.650000000000000000e+02
3.100000000000000000e+02 1.640000000000000000e+02
3.100000000000000000e+02 1.630000000000000000e+02
3.100000000000000000e+02 1.620000000000000000e+02
3.100000000000000000e+02 1.620000000000000000e+02
3.100000000000000000e+02 1.610000000000000000e+02
3.100000000000000000e+02 1.600000000000000000e+02
3.100000000000000000e+02 1.590000000000000000e+02
3.100000000000000000e+02 1.580000000000000000e+02
3.100000000000000000e+02 1.580000000000000000e+02
3.100000000000000000e+02 1.570000000000000000e+02
3.100000000000000000e+02 1.560000000000000000e+02
3.100000000000000000e+02 1.550000000000000000e+02
3.100000000000000000e+02 1.540000000000000000e+02
3.100000000000000000e+02 1.540000000000000000e+02
3.100000000000000000e+02 1.530000000000000000e+02
3.100000000000000000e+02 1.520000000000000000e+02
3.100000000000000000e+02 1.510000000000000000e+02
3.100000000000000000e+02 1.500000000000000000e+02
3.100000000000000000e+02 1.500000000000000000e+02
3.100000000000000000e+02 1.490000000000000000e+02
3.100000000000000000e+02 1.480000000000000000e+02
3.100000000000000000e+02 1.470000000000000000e+02
3.100000000000000000e+02 1.460000000000000000e+02
3.100000000000000000e+02 1.460000000000000000e+02
3.100000000000000000e+02 1.450000000000000000e+02
3.100000000000000000e+02 1.440000000000000000e+02
3.100000000000000000e+02 1.430000000000000000e+02
3.100000000000000000e+02 1.420000000000000000e+02
3.100000000000000000e+02 1.420000000000000000e+02
3.095000000000000000e+02 1.408750000000000000e+02
3.090000000000000000e+02 1.400000000000000000e+02
3.085000000000000000e+02 1.393750000000000000e+02
3.080000000000000000e+02 1.390000000000000000e+02
3.080000000000000000e+02 1.390000000000000000e+02
3.073750000000000000e+02 1.373750000000000000e+02
3.070000000000000000e+02 1.360000000000000000e+02
3.068750000000000000e+02 1.348750000000000000e+02
3.070000000000000000e+02 1.340000000000000000e+02
3.070000000000000000e+02 1.340000000000000000e+02
3.065000000000000000e+02 1.335000000000000000e+02
3.060000000000000000e+02 1.330000000000000000e+02
3.055000000000000000e+02 1.325000000000000000e+02
3.050000000000000000e+02 1.320000000000000000e+02
3.050000000000000000e+02 1.320000000000000000e+02
3.045000000000000000e+02 1.315000000000000000e+02
3.040000000000000000e+02 1.310000000000000000e+02
3.035000000000000000e+02 1.305000000000000000e+02
3.030000000000000000e+02 1.300000000000000000e+02
3.030000000000000000e+02 1.300000000000000000e+02
3.025000000000000000e+02 1.288750000000000000e+02
3.020000000000000000e+02 1.280000000000000000e+02
3.015000000000000000e+02 1.273750000000000000e+02
3.010000000000000000e+02 1.270000000000000000e+02
3.010000000000000000e+02 1.270000000000000000e+02
3.005000000000000000e+02 1.265000000000000000e+02
3.000000000000000000e+02 1.260000000000000000e+02
2.995000000000000000e+02 1.255000000000000000e+02
2.990000000000000000e+02 1.250000000000000000e+02
2.990000000000000000e+02 1.250000000000000000e+02
2.985000000000000000e+02 1.245000000000000000e+02
2.980000000000000000e+02 1.240000000000000000e+02
2.975000000000000000e+02 1.235000000000000000e+02
2.970000000000000000e+02 1.230000000000000000e+02
2.970000000000000000e+02 1.230000000000000000e+02
2.965000000000000000e+02 1.225000000000000000e+02
2.960000000000000000e+02 1.220000000000000000e+02
2.955000000000000000e+02 1.215000000000000000e+02
2.950000000000000000e+02 1.210000000000000000e+02
2.950000000000000000e+02 1.210000000000000000e+02
2.946250000000000000e+02 1.198750000000000000e+02
2.940000000000000000e+02 1.190000000000000000e+02
2.931250000000000000e+02 1.183750000000000000e+02
2.920000000000000000e+02 1.180000000000000000e+02
2.920000000000000000e+02 1.180000000000000000e+02
2.915000000000000000e+02 1.175000000000000000e+02
2.910000000000000000e+02 1.170000000000000000e+02
2.905000000000000000e+02 1.165000000000000000e+02
2.900000000000000000e+02 1.160000000000000000e+02
2.900000000000000000e+02 1.160000000000000000e+02
2.895000000000000000e+02 1.142500000000000000e+02
2.890000000000000000e+02 1.130000000000000000e+02
2.885000000000000000e+02 1.122500000000000000e+02
2.880000000000000000e+02 1.120000000000000000e+02
2.880000000000000000e+02 1.120000000000000000e+02
2.875000000000000000e+02 1.111250000000000000e+02
2.870000000000000000e+02 1.100000000000000000e+02
2.865000000000000000e+02 1.086250000000000000e+02
2.860000000000000000e+02 1.070000000000000000e+02
2.860000000000000000e+02 1.070000000000000000e+02
2.855000000000000000e+02 1.065000000000000000e+02
2.850000000000000000e+02 1.060000000000000000e+02
2.845000000000000000e+02 1.055000000000000000e+02
2.840000000000000000e+02 1.050000000000000000e+02
2.840000000000000000e+02 1.050000000000000000e+02
2.835000000000000000e+02 1.045000000000000000e+02
2.830000000000000000e+02 1.040000000000000000e+02
2.825000000000000000e+02 1.035000000000000000e+02
2.820000000000000000e+02 1.030000000000000000e+02
2.820000000000000000e+02 1.030000000000000000e+02
2.815000000000000000e+02 1.025000000000000000e+02
2.810000000000000000e+02 1.020000000000000000e+02
2.805000000000000000e+02 1.015000000000000000e+02
2.800000000000000000e+02 1.010000000000000000e+02
2.800000000000000000e+02 1.010000000000000000e+02
2.795000000000000000e+02 1.005000000000000000e+02
2.790000000000000000e+02 1.000000000000000000e+02
2.785000000000000000e+02 9.950000000000000000e+01
2.780000000000000000e+02 9.900000000000000000e+01
2.780000000000000000e+02 9.900000000000000000e+01
2.775000000000000000e+02 9.787500000000000000e+01
2.770000000000000000e+02 9.700000000000000000e+01
2.765000000000000000e+02 9.637500000000000000e+01
2.760000000000000000e+02 9.600000000000000000e+01
2.760000000000000000e+02 9.600000000000000000e+01
2.755000000000000000e+02 9.562500000000000000e+01
2.750000000000000000e+02 9.500000000000000000e+01
2.745000000000000000e+02 9.412500000000000000e+01
2.740000000000000000e+02 9.300000000000000000e+01
2.740000000000000000e+02 9.300000000000000000e+01
2.728750000000000000e+02 9.250000000000000000e+01
2.720000000000000000e+02 9.200000000000000000e+01
2.713750000000000000e+02 9.150000000000000000e+01
2.710000000000000000e+02 9.100000000000000000e+01
2.710000000000000000e+02 9.100000000000000000e+01
2.705000000000000000e+02 9.062500000000000000e+01
2.700000000000000000e+02 9.000000000000000000e+01
2.695000000000000000e+02 8.912500000000000000e+01
2.690000000000000000e+02 8.800000000000000000e+01
2.690000000000000000e+02 8.800000000000000000e+01
2.678750000000000000e+02 8.750000000000000000e+01
2.670000000000000000e+02 8.700000000000000000e+01
2.663750000000000000e+02 8.650000000000000000e+01
2.660000000000000000e+02 8.600000000000000000e+01
2.660000000000000000e+02 8.600000000000000000e+01
2.642500000000000000e+02 8.550000000000000000e+01
2.630000000000000000e+02 8.500000000000000000e+01
2.622500000000000000e+02 8.450000000000000000e+01
2.620000000000000000e+02 8.400000000000000000e+01
2.620000000000000000e+02 8.400000000000000000e+01
2.615000000000000000e+02 8.350000000000000000e+01
2.610000000000000000e+02 8.300000000000000000e+01
2.605000000000000000e+02 8.250000000000000000e+01
2.600000000000000000e+02 8.200000000000000000e+01
2.600000000000000000e+02 8.200000000000000000e+01
2.596250000000000000e+02 8.150000000000000000e+01
2.590000000000000000e+02 8.100000000000000000e+01
2.581250000000000000e+02 8.050000000000000000e+01
2.570000000000000000e+02 8.000000000000000000e+01
2.570000000000000000e+02 8.000000000000000000e+01
2.565000000000000000e+02 7.950000000000000000e+01
2.560000000000000000e+02 7.900000000000000000e+01
2.555000000000000000e+02 7.850000000000000000e+01
2.550000000000000000e+02 7.800000000000000000e+01
2.550000000000000000e+02 7.800000000000000000e+01
2.538750000000000000e+02 7.812500000000000000e+01
2.530000000000000000e+02 7.800000000000000000e+01
2.523750000000000000e+02 7.762500000000000000e+01
2.520000000000000000e+02 7.700000000000000000e+01
2.520000000000000000e+02 7.700000000000000000e+01
2.516250000000000000e+02 7.637500000000000000e+01
2.510000000000000000e+02 7.600000000000000000e+01
2.501250000000000000e+02 7.587500000000000000e+01
2.490000000000000000e+02 7.600000000000000000e+01
2.490000000000000000e+02 7.600000000000000000e+01
2.485000000000000000e+02 7.550000000000000000e+01
2.480000000000000000e+02 7.500000000000000000e+01
2.475000000000000000e+02 7.450000000000000000e+01
2.470000000000000000e+02 7.400000000000000000e+01
2.470000000000000000e+02 7.400000000000000000e+01
2.467500000000000000e+02 7.350000000000000000e+01
2.460000000000000000e+02 7.300000000000000000e+01
2.447500000000000000e+02 7.250000000000000000e+01
2.430000000000000000e+02 7.200000000000000000e+01
2.430000000000000000e+02 7.200000000000000000e+01
2.420000000000000000e+02 7.150000000000000000e+01
2.410000000000000000e+02 7.100000000000000000e+01
2.400000000000000000e+02 7.050000000000000000e+01
2.390000000000000000e+02 7.000000000000000000e+01
2.390000000000000000e+02 7.000000000000000000e+01
2.387500000000000000e+02 6.950000000000000000e+01
2.380000000000000000e+02 6.900000000000000000e+01
2.367500000000000000e+02 6.850000000000000000e+01
2.350000000000000000e+02 6.800000000000000000e+01
2.350000000000000000e+02 6.800000000000000000e+01
2.340000000000000000e+02 6.750000000000000000e+01
2.330000000000000000e+02 6.700000000000000000e+01
2.320000000000000000e+02 6.650000000000000000e+01
2.310000000000000000e+02 6.600000000000000000e+01
2.310000000000000000e+02 6.600000000000000000e+01
2.300000000000000000e+02 6.600000000000000000e+01
2.290000000000000000e+02 6.600000000000000000e+01
2.280000000000000000e+02 6.600000000000000000e+01
2.270000000000000000e+02 6.600000000000000000e+01
2.270000000000000000e+02 6.600000000000000000e+01
2.258750000000000000e+02 6.550000000000000000e+01
2.250000000000000000e+02 6.500000000000000000e+01
2.243750000000000000e+02 6.450000000000000000e+01
2.240000000000000000e+02 6.400000000000000000e+01
2.240000000000000000e+02 6.400000000000000000e+01
2.231250000000000000e+02 6.412500000000000000e+01
2.220000000000000000e+02 6.400000000000000000e+01
2.206250000000000000e+02 6.362500000000000000e+01
2.190000000000000000e+02 6.300000000000000000e+01
2.190000000000000000e+02 6.300000000000000000e+01
2.181250000000000000e+02 6.312500000000000000e+01
2.170000000000000000e+02 6.300000000000000000e+01
2.156250000000000000e+02 6.262500000000000000e+01
2.140000000000000000e+02 6.200000000000000000e+01
2.140000000000000000e+02 6.200000000000000000e+01
2.130000000000000000e+02 6.200000000000000000e+01
2.120000000000000000e+02 6.200000000000000000e+01
2.110000000000000000e+02 6.200000000000000000e+01
2.100000000000000000e+02 6.200000000000000000e+01
2.100000000000000000e+02 6.200000000000000000e+01
2.090000000000000000e+02 6.200000000000000000e+01
2.080000000000000000e+02 6.200000000000000000e+01
2.070000000000000000e+02 6.200000000000000000e+01
2.060000000000000000e+02 6.200000000000000000e+01
2.060000000000000000e+02 6.200000000000000000e+01
2.050000000000000000e+02 6.200000000000000000e+01
2.040000000000000000e+02 6.200000000000000000e+01
2.030000000000000000e+02 6.200000000000000000e+01
2.020000000000000000e+02 6.200000000000000000e+01
2.020000000000000000e+02 6.200000000000000000e+01
2.010000000000000000e+02 6.200000000000000000e+01
2.000000000000000000e+02 6.200000000000000000e+01
1.990000000000000000e+02 6.200000000000000000e+01
1.980000000000000000e+02 6.200000000000000000e+01
1.980000000000000000e+02 6.200000000000000000e+01
1.970000000000000000e+02 6.200000000000000000e+01
1.960000000000000000e+02 6.200000000000000000e+01
1.950000000000000000e+02 6.200000000000000000e+01
1.940000000000000000e+02 6.200000000000000000e+01
