1.890000000000000000e+02 1.990000000000000000e+02
1.890226544450696622e+02 1.988429291808503478e+02
1.890453088901393244e+02 1.986858583617006957e+02
1.890679633352089866e+02 1.985287875425510435e+02
1.890906177802786488e+02 1.983717167234013914e+02
1.890906177802786488e+02 1.983717167234013914e+02
1.891108805319459805e+02 1.982312283118413063e+02
1.891311432836133122e+02 1.980907399002812213e+02
1.891514060352806439e+02 1.979502514887211362e+02
1.891716687869479756e+02 1.978097630771610511e+02
1.891716687869479756e+02 1.978097630771610511e+02
1.891919315386153073e+02 1.976692746656009660e+02
1.892121942902826390e+02 1.975287862540408810e+02
1.892324570419499707e+02 1.973882978424807959e+02
1.892527197936173025e+02 1.972478094309207108e+02
1.892527197936173025e+02 1.972478094309207108e+02
1.892653840134093741e+02 1.971600041736956541e+02
1.892816021279491281e+02 1.970475585795533107e+02
1.893020225687780851e+02 1.969059768564725061e+02
1.893269681887586557e+02 1.967330205579405913e+02
1.893269681887586557e+02 1.967330205579405913e+02
1.893412961178681257e+02 1.966336802494483322e+02
1.893556240469775958e+02 1.965343399409560732e+02
1.893699519760870658e+02 1.964349996324638141e+02
1.893842799051965358e+02 1.963356593239715551e+02
1.893842799051965358e+02 1.963356593239715551e+02
1.894092255251771064e+02 1.961627030254396402e+02
1.894296459660060634e+02 1.960211213023588357e+02
1.894458640805458174e+02 1.959086757082164922e+02
1.894585283003378890e+02 1.958208704509914355e+02
1.894585283003378890e+02 1.958208704509914355e+02
1.894834739203184597e+02 1.956479141524595207e+02
1.895038943611474167e+02 1.955063324293787161e+02
1.895201124756871707e+02 1.953938868352363727e+02
1.895327766954792423e+02 1.953060815780113160e+02
1.895327766954792423e+02 1.953060815780113160e+02
1.895454409152713140e+02 1.952182763207862592e+02
1.895616590298110680e+02 1.951058307266439158e+02
1.895820794706400250e+02 1.949642490035631113e+02
1.896070250906205956e+02 1.947912927050311964e+02
1.896070250906205956e+02 1.947912927050311964e+02
1.896274455314495526e+02 1.946497109819503919e+02
1.896478659722785096e+02 1.945081292588695874e+02
1.896695066005455033e+02 1.943580875695517136e+02
1.896934014026596458e+02 1.941924169415604240e+02
1.896934014026596458e+02 1.941924169415604240e+02
1.897136641543269775e+02 1.940519285300003389e+02
1.897339269059943092e+02 1.939114401184402539e+02
1.897541896576616409e+02 1.937709517068801688e+02
1.897744524093289726e+02 1.936304632953200837e+02
1.897744524093289726e+02 1.936304632953200837e+02
1.897947151609963043e+02 1.934899748837599986e+02
1.898149779126636361e+02 1.933494864721999136e+02
1.898352406643309678e+02 1.932089980606398285e+02
1.898555034159982995e+02 1.930685096490797434e+02
1.898555034159982995e+02 1.930685096490797434e+02
1.898757661676656312e+02 1.929280212375196584e+02
1.898960289193329629e+02 1.927875328259595733e+02
1.899162916710002946e+02 1.926470444143994882e+02
1.899365544226676263e+02 1.925065560028394032e+02
1.899365544226676263e+02 1.925065560028394032e+02
1.899568171743349581e+02 1.923660675912793181e+02
1.899770799260022898e+02 1.922255791797192330e+02
1.899973426776696215e+02 1.920850907681591480e+02
1.900176054293369532e+02 1.919446023565990629e+02
1.900176054293369532e+02 1.919446023565990629e+02
1.900378681810042849e+02 1.918041139450389778e+02
1.900581309326716166e+02 1.916636255334788927e+02
1.900783936843389483e+02 1.915231371219188077e+02
1.900986564360062800e+02 1.913826487103587226e+02
1.900986564360062800e+02 1.913826487103587226e+02
1.901215923135445394e+02 1.912236266260935054e+02
1.901395022249313627e+02 1.910994512404781744e+02
1.901542711162100261e+02 1.909970535942794072e+02
1.901690400074886895e+02 1.908946559480806400e+02
1.901690400074886895e+02 1.908946559480806400e+02
1.901838088987673530e+02 1.907922583018818727e+02
1.901985777900460164e+02 1.906898606556831055e+02
1.902164877014328397e+02 1.905656852700677746e+02
1.902394235789710990e+02 1.904066631858025573e+02
1.902394235789710990e+02 1.904066631858025573e+02
1.902598440198000560e+02 1.902650814627217528e+02
1.902802644606290130e+02 1.901234997396409483e+02
1.903019050888960066e+02 1.899734580503230745e+02
1.903257998910101492e+02 1.898077874223317849e+02
1.903257998910101492e+02 1.898077874223317849e+02
1.903384641108022208e+02 1.897199821651067282e+02
1.903546822253419748e+02 1.896075365709643847e+02
1.903751026661709318e+02 1.894659548478835802e+02
1.904000482861515025e+02 1.892929985493516654e+02
1.904000482861515025e+02 1.892929985493516654e+02
1.904127125059435741e+02 1.892051932921266086e+02
1.904289306204833281e+02 1.890927476979842652e+02
1.904493510613122851e+02 1.889511659749034607e+02
1.904742966812928557e+02 1.887782096763715458e+02
1.904742966812928557e+02 1.887782096763715458e+02
1.904981914834069983e+02 1.886125390483802562e+02
1.905198321116739919e+02 1.884624973590623824e+02
1.905402525525029489e+02 1.883209156359815779e+02
1.905606729933319059e+02 1.881793339129007734e+02
1.905606729933319059e+02 1.881793339129007734e+02
1.905750009224413759e+02 1.880799936044085143e+02
1.905893288515508459e+02 1.879806532959162553e+02
1.906036567806603159e+02 1.878813129874239962e+02
1.906179847097697859e+02 1.877819726789317372e+02
1.906179847097697859e+02 1.877819726789317372e+02
1.906323126388792559e+02 1.876826323704394781e+02
1.906466405679887259e+02 1.875832920619472191e+02
1.906609684970981959e+02 1.874839517534549600e+02
1.906752964262076659e+02 1.873846114449627009e+02
1.906752964262076659e+02 1.873846114449627009e+02
1.906955591778749977e+02 1.872441230334026159e+02
1.907158219295423294e+02 1.871036346218425308e+02
1.907360846812096611e+02 1.869631462102824457e+02
1.907563474328769928e+02 1.868226577987223607e+02
1.907563474328769928e+02 1.868226577987223607e+02
1.907790018779466550e+02 1.866655869795727085e+02
1.908016563230163172e+02 1.865085161604230564e+02
1.908243107680859794e+02 1.863514453412734042e+02
1.908469652131556415e+02 1.861943745221237521e+02
1.908469652131556415e+02 1.861943745221237521e+02
1.908617341044343050e+02 1.860919768759249848e+02
1.908765029957129684e+02 1.859895792297262176e+02
1.908944129070997917e+02 1.858654038441108867e+02
1.909173487846380510e+02 1.857063817598456694e+02
1.909173487846380510e+02 1.857063817598456694e+02
1.909376115363053827e+02 1.855658933482855844e+02
1.909578742879727145e+02 1.854254049367254993e+02
1.909781370396400462e+02 1.852849165251654142e+02
1.909983997913073779e+02 1.851444281136053291e+02
1.909983997913073779e+02 1.851444281136053291e+02
1.910186625429747096e+02 1.850039397020452441e+02
1.910389252946420413e+02 1.848634512904851590e+02
1.910591880463093730e+02 1.847229628789250739e+02
1.910794507979767047e+02 1.845824744673649889e+02
1.910794507979767047e+02 1.845824744673649889e+02
1.910997135496440364e+02 1.844419860558049038e+02
1.911199763013113682e+02 1.843014976442448187e+02
1.911402390529786999e+02 1.841610092326847337e+02
1.911605018046460316e+02 1.840205208211246486e+02
1.911605018046460316e+02 1.840205208211246486e+02
1.911807645563133633e+02 1.838800324095645635e+02
1.912010273079806950e+02 1.837395439980044785e+02
1.912212900596480267e+02 1.835990555864443934e+02
1.912415528113153584e+02 1.834585671748843083e+02
1.912415528113153584e+02 1.834585671748843083e+02
1.912618155629826902e+02 1.833180787633242232e+02
1.912820783146500219e+02 1.831775903517641382e+02
1.913023410663173536e+02 1.830371019402040531e+02
1.913226038179846853e+02 1.828966135286439680e+02
1.913226038179846853e+02 1.828966135286439680e+02
1.913428665696520170e+02 1.827561251170838830e+02
1.913631293213193487e+02 1.826156367055237979e+02
1.913833920729866804e+02 1.824751482939637128e+02
1.914036548246540121e+02 1.823346598824036278e+02
1.914036548246540121e+02 1.823346598824036278e+02
1.914265907021922715e+02 1.821756377981384105e+02
1.914445006135790948e+02 1.820514624125230796e+02
1.914592695048577582e+02 1.819490647663243124e+02
1.914740383961364216e+02 1.818466671201255451e+02
1.914740383961364216e+02 1.818466671201255451e+02
1.914969742736746809e+02 1.816876450358603279e+02
1.915148841850615042e+02 1.815634696502449970e+02
1.915296530763401677e+02 1.814610720040462297e+02
1.915444219676188311e+02 1.813586743578474625e+02
1.915444219676188311e+02 1.813586743578474625e+02
1.915587498967283011e+02 1.812593340493552034e+02
1.915730778258377711e+02 1.811599937408629444e+02
1.915874057549472411e+02 1.810606534323706853e+02
1.916017336840567111e+02 1.809613131238784263e+02
1.916017336840567111e+02 1.809613131238784263e+02
1.916130609065915280e+02 1.808827777143035860e+02
1.916313255041211505e+02 1.807561431714314892e+02
1.916586050684148006e+02 1.805670048589956025e+02
1.916954838331141104e+02 1.803113120904136508e+02
1.916954838331141104e+02 1.803113120904136508e+02
1.917098117622235804e+02 1.802119717819213918e+02
1.917241396913330505e+02 1.801126314734291327e+02
1.917384676204425205e+02 1.800132911649368737e+02
1.917527955495519905e+02 1.799139508564446146e+02
1.917527955495519905e+02 1.799139508564446146e+02
1.917777411695325611e+02 1.797409945579126997e+02
1.917981616103615181e+02 1.795994128348318952e+02
1.918143797249012721e+02 1.794869672406895518e+02
1.918270439446933437e+02 1.793991619834644951e+02
1.918270439446933437e+02 1.793991619834644951e+02
1.918397081644854154e+02 1.793113567262394383e+02
1.918559262790251694e+02 1.791989111320970949e+02
1.918763467198541264e+02 1.790573294090162904e+02
1.919012923398346970e+02 1.788843731104843755e+02
1.919012923398346970e+02 1.788843731104843755e+02
1.919262379598152677e+02 1.787114168119524606e+02
1.919466584006442247e+02 1.785698350888716561e+02
1.919628765151839787e+02 1.784573894947293127e+02
1.919755407349760503e+02 1.783695842375042560e+02
1.919755407349760503e+02 1.783695842375042560e+02
1.919903096262547137e+02 1.782671865913054887e+02
1.920050785175333772e+02 1.781647889451067215e+02
1.920229884289202005e+02 1.780406135594913906e+02
1.920459243064584598e+02 1.778815914752261733e+02
1.920459243064584598e+02 1.778815914752261733e+02
1.920602522355679298e+02 1.777822511667339143e+02
1.920745801646773998e+02 1.776829108582416552e+02
1.920889080937868698e+02 1.775835705497493962e+02
1.921032360228963398e+02 1.774842302412571371e+02
1.921032360228963398e+02 1.774842302412571371e+02
1.921281816428769105e+02 1.773112739427252222e+02
1.921486020837058675e+02 1.771696922196444177e+02
1.921648201982456214e+02 1.770572466255020743e+02
1.921774844180376931e+02 1.769694413682770175e+02
1.921774844180376931e+02 1.769694413682770175e+02
1.922013792201518356e+02 1.768037707402857279e+02
1.922230198484188293e+02 1.766537290509678542e+02
1.922434402892477863e+02 1.765121473278870496e+02
1.922638607300767433e+02 1.763705656048062451e+02
1.922638607300767433e+02 1.763705656048062451e+02
1.922841234817440750e+02 1.762300771932461600e+02
1.923043862334114067e+02 1.760895887816860750e+02
1.923246489850787384e+02 1.759491003701259899e+02
1.923449117367460701e+02 1.758086119585659048e+02
1.923449117367460701e+02 1.758086119585659048e+02
1.923628216481328934e+02 1.756844365729505739e+02
1.923857575256711527e+02 1.755254144886853567e+02
1.924146363900410961e+02 1.753251876957203308e+02
1.924499148241394266e+02 1.750805905526386255e+02
1.924499148241394266e+02 1.750805905526386255e+02
1.924738096262535691e+02 1.749149199246473358e+02
1.924954502545205628e+02 1.747648782353294621e+02
1.925158706953495198e+02 1.746232965122486576e+02
1.925362911361784768e+02 1.744817147891678530e+02
1.925362911361784768e+02 1.744817147891678530e+02
1.925565538878458085e+02 1.743412263776077680e+02
1.925768166395131402e+02 1.742007379660476829e+02
1.925970793911804719e+02 1.740602495544875978e+02
1.926173421428478036e+02 1.739197611429275128e+02
1.926173421428478036e+02 1.739197611429275128e+02
1.926542209075471135e+02 1.736640683743455611e+02
1.926815004718407636e+02 1.734749300619096744e+02
1.926997650693703861e+02 1.733482955190375776e+02
1.927110922919052030e+02 1.732697601094627373e+02
1.927110922919052030e+02 1.732697601094627373e+02
1.927313550435725347e+02 1.731292716979026522e+02
1.927516177952398664e+02 1.729887832863425672e+02
1.927718805469071981e+02 1.728482948747824821e+02
1.927921432985745298e+02 1.727078064632223970e+02
1.927921432985745298e+02 1.727078064632223970e+02
1.928124060502418615e+02 1.725673180516623120e+02
1.928326688019091932e+02 1.724268296401022269e+02
1.928529315535765249e+02 1.722863412285421418e+02
1.928731943052438567e+02 1.721458528169820568e+02
1.928731943052438567e+02 1.721458528169820568e+02
1.928934570569111884e+02 1.720053644054219717e+02
1.929137198085785201e+02 1.718648759938618866e+02
1.929339825602458518e+02 1.717243875823018016e+02
1.929542453119131835e+02 1.715838991707417165e+02
1.929542453119131835e+02 1.715838991707417165e+02
1.929745080635805152e+02 1.714434107591816314e+02
1.929947708152478469e+02 1.713029223476215464e+02
1.930150335669151787e+02 1.711624339360614613e+02
1.930352963185825104e+02 1.710219455245013762e+02
1.930352963185825104e+02 1.710219455245013762e+02
1.930555590702498421e+02 1.708814571129412911e+02
1.930758218219171738e+02 1.707409687013812061e+02
1.930960845735845055e+02 1.706004802898211210e+02
1.931163473252518372e+02 1.704599918782610359e+02
1.931163473252518372e+02 1.704599918782610359e+02
1.931366100769191689e+02 1.703195034667009509e+02
1.931568728285865006e+02 1.701790150551408658e+02
1.931771355802538324e+02 1.700385266435807807e+02
1.931973983319211641e+02 1.698980382320206957e+02
1.931973983319211641e+02 1.698980382320206957e+02
1.932178187727501211e+02 1.697564565089398911e+02
1.932382392135790781e+02 1.696148747858590866e+02
1.932598798418460717e+02 1.694648330965412129e+02
1.932837746439602142e+02 1.692991624685499232e+02
1.932837746439602142e+02 1.692991624685499232e+02
1.933076694460743568e+02 1.691334918405586336e+02
1.933293100743413504e+02 1.689834501512407599e+02
1.933497305151703074e+02 1.688418684281599553e+02
1.933701509559992644e+02 1.687002867050791508e+02
1.933701509559992644e+02 1.687002867050791508e+02
1.933905713968282214e+02 1.685587049819983463e+02
1.934109918376571784e+02 1.684171232589175418e+02
1.934326324659241720e+02 1.682670815695996680e+02
1.934565272680383146e+02 1.681014109416083784e+02
1.934565272680383146e+02 1.681014109416083784e+02
1.934708551971477846e+02 1.680020706331161193e+02
1.934851831262572546e+02 1.679027303246238603e+02
1.934995110553667246e+02 1.678033900161316012e+02
1.935138389844761946e+02 1.677040497076393422e+02
1.935138389844761946e+02 1.677040497076393422e+02
1.935387846044567652e+02 1.675310934091074273e+02
1.935592050452857222e+02 1.673895116860266228e+02
1.935754231598254762e+02 1.672770660918842793e+02
1.935880873796175479e+02 1.671892608346592226e+02
1.935880873796175479e+02 1.671892608346592226e+02
1.936130329995981185e+02 1.670163045361273078e+02
1.936334534404270755e+02 1.668747228130465032e+02
1.936496715549668295e+02 1.667622772189041598e+02
1.936623357747589012e+02 1.666744719616791031e+02
1.936623357747589012e+02 1.666744719616791031e+02
1.936766637038683712e+02 1.665751316531868440e+02
1.936909916329778412e+02 1.664757913446945850e+02
1.937053195620873112e+02 1.663764510362023259e+02
1.937196474911967812e+02 1.662771107277100668e+02
1.937196474911967812e+02 1.662771107277100668e+02
1.937344163824754446e+02 1.661747130815112996e+02
1.937491852737541080e+02 1.660723154353125324e+02
1.937670951851409313e+02 1.659481400496972014e+02
1.937900310626791907e+02 1.657891179654319842e+02
1.937900310626791907e+02 1.657891179654319842e+02
1.938149766826597613e+02 1.656161616669000693e+02
1.938353971234887183e+02 1.654745799438192648e+02
1.938516152380284723e+02 1.653621343496769214e+02
1.938642794578205439e+02 1.652743290924518647e+02
1.938642794578205439e+02 1.652743290924518647e+02
1.938769436776126156e+02 1.651865238352268079e+02
1.938931617921523696e+02 1.650740782410844645e+02
1.939135822329813266e+02 1.649324965180036600e+02
1.939385278529618972e+02 1.647595402194717451e+02
1.939385278529618972e+02 1.647595402194717451e+02
1.939634734729424679e+02 1.645865839209398303e+02
1.939838939137714249e+02 1.644450021978590257e+02
1.940001120283111788e+02 1.643325566037166823e+02
1.940127762481032505e+02 1.642447513464916256e+02
1.940127762481032505e+02 1.642447513464916256e+02
1.940377218680838212e+02 1.640717950479597107e+02
1.940581423089127782e+02 1.639302133248789062e+02
1.940743604234525321e+02 1.638177677307365627e+02
1.940870246432446038e+02 1.637299624735115060e+02
1.940870246432446038e+02 1.637299624735115060e+02
1.940996888630366755e+02 1.636421572162864493e+02
1.941159069775764294e+02 1.635297116221441058e+02
1.941363274184053864e+02 1.633881298990633013e+02
1.941612730383859571e+02 1.632151736005313865e+02
1.941612730383859571e+02 1.632151736005313865e+02
1.941726002609207740e+02 1.631366381909565462e+02
1.941908648584503965e+02 1.630100036480844494e+02
1.942181444227440466e+02 1.628208653356485627e+02
1.942550231874433564e+02 1.625651725670666110e+02
1.942550231874433564e+02 1.625651725670666110e+02
1.942799688074239270e+02 1.623922162685346962e+02
1.943003892482528840e+02 1.622506345454538916e+02
1.943166073627926380e+02 1.621381889513115482e+02
1.943292715825847097e+02 1.620503836940864915e+02
1.943292715825847097e+02 1.620503836940864915e+02
1.943496920234136667e+02 1.619088019710056869e+02
1.943701124642426237e+02 1.617672202479248824e+02
1.943917530925096173e+02 1.616171785586070087e+02
1.944156478946237598e+02 1.614515079306157190e+02
1.944156478946237598e+02 1.614515079306157190e+02
1.944359106462910916e+02 1.613110195190556340e+02
1.944561733979584233e+02 1.611705311074955489e+02
1.944764361496257550e+02 1.610300426959354638e+02
1.944966989012930867e+02 1.608895542843753788e+02
1.944966989012930867e+02 1.608895542843753788e+02
1.945114677925717501e+02 1.607871566381766115e+02
1.945262366838504136e+02 1.606847589919778443e+02
1.945441465952372369e+02 1.605605836063625134e+02
1.945670824727754962e+02 1.604015615220972961e+02
1.945670824727754962e+02 1.604015615220972961e+02
1.945818513640541596e+02 1.602991638758985289e+02
1.945966202553328230e+02 1.601967662296997617e+02
1.946145301667196463e+02 1.600725908440844307e+02
1.946374660442579057e+02 1.599135687598192135e+02
1.946374660442579057e+02 1.599135687598192135e+02
1.946577287959252374e+02 1.597730803482591284e+02
1.946779915475925691e+02 1.596325919366990433e+02
1.946982542992599008e+02 1.594921035251389583e+02
1.947185170509272325e+02 1.593516151135788732e+02
1.947185170509272325e+02 1.593516151135788732e+02
1.947387798025945642e+02 1.592111267020187881e+02
1.947590425542618959e+02 1.590706382904587031e+02
1.947793053059292276e+02 1.589301498788986180e+02
1.947995680575965594e+02 1.587896614673385329e+02
1.947995680575965594e+02 1.587896614673385329e+02
1.948198308092638911e+02 1.586491730557784479e+02
1.948400935609312228e+02 1.585086846442183628e+02
1.948603563125985545e+02 1.583681962326582777e+02
1.948806190642658862e+02 1.582277078210981927e+02
1.948806190642658862e+02 1.582277078210981927e+02
1.949008818159332179e+02 1.580872194095381076e+02
1.949211445676005496e+02 1.579467309979780225e+02
1.949414073192678813e+02 1.578062425864179374e+02
1.949616700709352131e+02 1.576657541748578524e+02
1.949616700709352131e+02 1.576657541748578524e+02
1.949819328226025448e+02 1.575252657632977673e+02
1.950021955742698765e+02 1.573847773517376822e+02
1.950224583259372082e+02 1.572442889401775972e+02
1.950427210776045399e+02 1.571038005286175121e+02
1.950427210776045399e+02 1.571038005286175121e+02
1.950629838292718716e+02 1.569633121170574270e+02
1.950832465809392033e+02 1.568228237054973420e+02
1.951035093326065351e+02 1.566823352939372569e+02
1.951237720842738668e+02 1.565418468823771718e+02
1.951237720842738668e+02 1.565418468823771718e+02
1.951440348359411985e+02 1.564013584708170868e+02
1.951642975876085302e+02 1.562608700592570017e+02
1.951845603392758619e+02 1.561203816476969166e+02
1.952048230909431936e+02 1.559798932361368315e+02
1.952048230909431936e+02 1.559798932361368315e+02
1.952250858426105253e+02 1.558394048245767465e+02
1.952453485942778570e+02 1.556989164130166614e+02
1.952656113459451888e+02 1.555584280014565763e+02
1.952858740976125205e+02 1.554179395898964913e+02
1.952858740976125205e+02 1.554179395898964913e+02
1.953061368492798522e+02 1.552774511783364062e+02
1.953263996009471839e+02 1.551369627667763211e+02
1.953466623526145156e+02 1.549964743552162361e+02
1.953669251042818473e+02 1.548559859436561510e+02
1.953669251042818473e+02 1.548559859436561510e+02
1.953898609818201066e+02 1.546969638593909337e+02
1.954077708932069299e+02 1.545727884737756028e+02
1.954225397844855934e+02 1.544703908275768356e+02
1.954373086757642568e+02 1.543679931813780684e+02
1.954373086757642568e+02 1.543679931813780684e+02
1.954499728955563285e+02 1.542801879241530116e+02
1.954661910100960824e+02 1.541677423300106682e+02
1.954866114509250394e+02 1.540261606069298637e+02
1.955115570709056101e+02 1.538532043083979488e+02
1.955115570709056101e+02 1.538532043083979488e+02
1.955319775117345671e+02 1.537116225853171443e+02
1.955569231317151377e+02 1.535386662867852294e+02
1.955865693101690681e+02 1.533331194495046930e+02
1.956210197125726893e+02 1.530942633261730066e+02
1.956210197125726893e+02 1.530942633261730066e+02
1.956459653325532599e+02 1.529213070276410917e+02
1.956663857733822169e+02 1.527797253045602872e+02
1.956826038879219709e+02 1.526672797104179438e+02
1.956952681077140426e+02 1.525794744531928870e+02
1.956952681077140426e+02 1.525794744531928870e+02
1.957202137276946132e+02 1.524065181546609722e+02
1.957406341685235702e+02 1.522649364315801677e+02
1.957568522830633242e+02 1.521524908374378242e+02
1.957695165028553959e+02 1.520646855802127675e+02
1.957695165028553959e+02 1.520646855802127675e+02
1.957935451704545642e+02 1.518980868181918993e+02
1.958153335180355157e+02 1.517470209416306659e+02
1.958371218656164672e+02 1.515959550650694325e+02
1.958611505332156355e+02 1.514293563030485643e+02
1.958611505332156355e+02 1.514293563030485643e+02
1.958754784623251055e+02 1.513300159945563053e+02
1.958898063914345755e+02 1.512306756860640462e+02
1.959041343205440455e+02 1.511313353775717871e+02
1.959184622496535155e+02 1.510319950690795281e+02
1.959184622496535155e+02 1.510319950690795281e+02
1.959327901787629855e+02 1.509326547605872690e+02
1.959471181078724555e+02 1.508333144520950100e+02
1.959614460369819255e+02 1.507339741436027509e+02
1.959757739660913956e+02 1.506346338351104919e+02
1.959757739660913956e+02 1.506346338351104919e+02
1.959901018952008656e+02 1.505352935266182328e+02
1.960044298243103356e+02 1.504359532181259738e+02
1.960187577534198056e+02 1.503366129096337147e+02
1.960330856825292756e+02 1.502372726011414557e+02
1.960330856825292756e+02 1.502372726011414557e+02
1.960580313025098462e+02 1.500643163026095408e+02
1.960784517433388032e+02 1.499227345795287363e+02
1.960946698578785572e+02 1.498102889853863928e+02
1.961073340776706289e+02 1.497224837281613361e+02
1.961073340776706289e+02 1.497224837281613361e+02
1.961322796976511995e+02 1.495495274296294212e+02
1.961527001384801565e+02 1.494079457065486167e+02
1.961689182530199105e+02 1.492955001124062733e+02
1.961815824728119821e+02 1.492076948551812166e+02
1.961815824728119821e+02 1.492076948551812166e+02
1.961959104019214521e+02 1.491083545466889575e+02
1.962102383310309222e+02 1.490090142381966984e+02
1.962245662601403922e+02 1.489096739297044394e+02
1.962388941892498622e+02 1.488103336212121803e+02
1.962388941892498622e+02 1.488103336212121803e+02
1.962532221183593322e+02 1.487109933127199213e+02
1.962675500474688022e+02 1.486116530042276622e+02
1.962818779765782722e+02 1.485123126957354032e+02
1.962962059056877422e+02 1.484129723872431441e+02
1.962962059056877422e+02 1.484129723872431441e+02
1.963105338347972122e+02 1.483136320787508851e+02
1.963248617639066822e+02 1.482142917702586260e+02
1.963391896930161522e+02 1.481149514617663669e+02
1.963535176221256222e+02 1.480156111532741079e+02
1.963535176221256222e+02 1.480156111532741079e+02
1.963661818419176939e+02 1.479278058960490512e+02
1.963823999564574478e+02 1.478153603019067077e+02
1.964028203972864048e+02 1.476737785788259032e+02
1.964277660172669755e+02 1.475008222802939883e+02
1.964277660172669755e+02 1.475008222802939883e+02
1.964516608193811180e+02 1.473351516523026987e+02
1.964733014476481117e+02 1.471851099629848250e+02
1.964937218884770687e+02 1.470435282399040204e+02
1.965141423293060257e+02 1.469019465168232159e+02
1.965141423293060257e+02 1.469019465168232159e+02
1.965344050809733574e+02 1.467614581052631308e+02
1.965546678326406891e+02 1.466209696937030458e+02
1.965749305843080208e+02 1.464804812821429607e+02
1.965951933359753525e+02 1.463399928705828756e+02
1.965951933359753525e+02 1.463399928705828756e+02
1.966156137768043095e+02 1.461984111475020711e+02
1.966405593967848802e+02 1.460254548489701563e+02
1.966702055752388105e+02 1.458199080116896198e+02
1.967046559776424317e+02 1.455810518883579334e+02
1.967046559776424317e+02 1.455810518883579334e+02
1.967194248689210951e+02 1.454786542421591662e+02
1.967341937601997586e+02 1.453762565959603990e+02
1.967521036715865819e+02 1.452520812103450680e+02
1.967750395491248412e+02 1.450930591260798508e+02
1.967750395491248412e+02 1.450930591260798508e+02
1.967929494605116645e+02 1.449688837404645199e+02
1.968158853380499238e+02 1.448098616561993026e+02
1.968447642024198672e+02 1.446096348632342767e+02
1.968800426365181977e+02 1.443650377201525714e+02
1.968800426365181977e+02 1.443650377201525714e+02
1.969004630773471547e+02 1.442234559970717669e+02
1.969208835181761117e+02 1.440818742739909624e+02
1.969425241464431053e+02 1.439318325846730886e+02
1.969664189485572479e+02 1.437661619566817990e+02
1.969664189485572479e+02 1.437661619566817990e+02
1.970016973826555784e+02 1.435215648136000937e+02
1.970305762470255218e+02 1.433213380206350678e+02
1.970535121245637811e+02 1.431623159363698505e+02
1.970714220359506044e+02 1.430381405507545196e+02
1.970714220359506044e+02 1.430381405507545196e+02
1.970963676559311750e+02 1.428651842522226048e+02
1.971167880967601320e+02 1.427236025291418002e+02
1.971330062112998860e+02 1.426111569349994568e+02
1.971456704310919577e+02 1.425233516777744001e+02
1.971456704310919577e+02 1.425233516777744001e+02
1.971659331827592894e+02 1.423828632662143150e+02
1.971861959344266211e+02 1.422423748546542299e+02
1.972064586860939528e+02 1.421018864430941449e+02
1.972267214377612845e+02 1.419613980315340598e+02
1.972267214377612845e+02 1.419613980315340598e+02
1.972469841894286162e+02 1.418209096199739747e+02
1.972672469410959479e+02 1.416804212084138896e+02
1.972875096927632796e+02 1.415399327968538046e+02
1.973077724444306114e+02 1.413994443852937195e+02
1.973077724444306114e+02 1.413994443852937195e+02
1.973280351960979431e+02 1.412589559737336344e+02
1.973482979477652748e+02 1.411184675621735494e+02
1.973685606994326065e+02 1.409779791506134643e+02
1.973888234510999382e+02 1.408374907390533792e+02
1.973888234510999382e+02 1.408374907390533792e+02
1.974090862027672699e+02 1.406970023274932942e+02
1.974293489544346016e+02 1.405565139159332091e+02
1.974496117061019334e+02 1.404160255043731240e+02
1.974698744577692651e+02 1.402755370928130390e+02
1.974698744577692651e+02 1.402755370928130390e+02
1.974901372094365968e+02 1.401350486812529539e+02
1.975103999611039285e+02 1.399945602696928688e+02
1.975306627127712602e+02 1.398540718581327837e+02
1.975509254644385919e+02 1.397135834465726987e+02
1.975509254644385919e+02 1.397135834465726987e+02
1.975711882161059236e+02 1.395730950350126136e+02
1.975914509677732553e+02 1.394326066234525285e+02
1.976117137194405871e+02 1.392921182118924435e+02
1.976319764711079188e+02 1.391516298003323584e+02
1.976319764711079188e+02 1.391516298003323584e+02
1.976522392227752505e+02 1.390111413887722733e+02
1.976725019744425822e+02 1.388706529772121883e+02
1.976927647261099139e+02 1.387301645656521032e+02
1.977130274777772456e+02 1.385896761540920181e+02
1.977130274777772456e+02 1.385896761540920181e+02
1.977332902294445773e+02 1.384491877425319331e+02
1.977535529811119090e+02 1.383086993309718480e+02
1.977738157327792408e+02 1.381682109194117629e+02
1.977940784844465725e+02 1.380277225078516778e+02
1.977940784844465725e+02 1.380277225078516778e+02
1.978143412361139042e+02 1.378872340962915928e+02
1.978346039877812359e+02 1.377467456847315077e+02
1.978548667394485676e+02 1.376062572731714226e+02
1.978751294911158993e+02 1.374657688616113376e+02
1.978751294911158993e+02 1.374657688616113376e+02
1.978953922427832310e+02 1.373252804500512525e+02
1.979156549944505628e+02 1.371847920384911674e+02
1.979359177461178945e+02 1.370443036269310824e+02
1.979561804977852262e+02 1.369038152153709973e+02
1.979561804977852262e+02 1.369038152153709973e+02
1.979764432494525579e+02 1.367633268038109122e+02
1.979967060011198896e+02 1.366228383922508272e+02
1.980169687527872213e+02 1.364823499806907421e+02
1.980372315044545530e+02 1.363418615691306570e+02
1.980372315044545530e+02 1.363418615691306570e+02
1.980574942561218847e+02 1.362013731575705719e+02
1.980777570077892165e+02 1.360608847460104869e+02
1.980980197594565482e+02 1.359203963344504018e+02
1.981182825111238799e+02 1.357799079228903167e+02
1.981182825111238799e+02 1.357799079228903167e+02
1.981385452627912116e+02 1.356394195113302317e+02
1.981588080144585433e+02 1.354989310997701466e+02
1.981790707661258750e+02 1.353584426882100615e+02
1.981993335177932067e+02 1.352179542766499765e+02
1.981993335177932067e+02 1.352179542766499765e+02
1.982195962694605385e+02 1.350774658650898914e+02
1.982398590211278702e+02 1.349369774535298063e+02
1.982601217727952019e+02 1.347964890419697213e+02
1.982803845244625336e+02 1.346560006304096362e+02
1.982803845244625336e+02 1.346560006304096362e+02
1.983033204020007929e+02 1.344969785461444189e+02
1.983212303133876162e+02 1.343728031605290880e+02
1.983359992046662796e+02 1.342704055143303208e+02
1.983507680959449431e+02 1.341680078681315536e+02
1.983507680959449431e+02 1.341680078681315536e+02
1.983710308476122748e+02 1.340275194565714685e+02
1.983912935992796065e+02 1.338870310450113834e+02
1.984115563509469382e+02 1.337465426334512983e+02
1.984318191026142699e+02 1.336060542218912133e+02
1.984318191026142699e+02 1.336060542218912133e+02
1.984465879938929334e+02 1.335036565756924460e+02
1.984613568851715968e+02 1.334012589294936788e+02
1.984792667965584201e+02 1.332770835438783479e+02
1.985022026740966794e+02 1.331180614596131306e+02
1.985022026740966794e+02 1.331180614596131306e+02
1.985224654257640111e+02 1.329775730480530456e+02
1.985427281774313428e+02 1.328370846364929605e+02
1.985629909290986745e+02 1.326965962249328754e+02
1.985832536807660063e+02 1.325561078133727904e+02
1.985832536807660063e+02 1.325561078133727904e+02
1.985975816098754763e+02 1.324567675048805313e+02
1.986119095389849463e+02 1.323574271963882723e+02
1.986262374680944163e+02 1.322580868878960132e+02
1.986405653972038863e+02 1.321587465794037541e+02
1.986405653972038863e+02 1.321587465794037541e+02
1.986548933263133563e+02 1.320594062709114951e+02
1.986692212554228263e+02 1.319600659624192360e+02
1.986835491845322963e+02 1.318607256539269770e+02
1.986978771136417663e+02 1.317613853454347179e+02
1.986978771136417663e+02 1.317613853454347179e+02
1.987228227336223370e+02 1.315884290469028031e+02
1.987432431744512940e+02 1.314468473238219985e+02
1.987594612889910479e+02 1.313344017296796551e+02
1.987721255087831196e+02 1.312465964724545984e+02
1.987721255087831196e+02 1.312465964724545984e+02
1.987864534378925896e+02 1.311472561639623393e+02
1.988007813670020596e+02 1.310479158554700803e+02
1.988151092961115296e+02 1.309485755469778212e+02
1.988294372252209996e+02 1.308492352384855621e+02
1.988294372252209996e+02 1.308492352384855621e+02
1.988520916702906618e+02 1.306921644193359100e+02
1.988747461153603240e+02 1.305350936001862578e+02
1.988974005604299862e+02 1.303780227810366057e+02
1.989200550054996484e+02 1.302209519618869535e+02
1.989200550054996484e+02 1.302209519618869535e+02
1.989343829346091184e+02 1.301216116533946945e+02
1.989487108637185884e+02 1.300222713449024354e+02
1.989630387928280584e+02 1.299229310364101764e+02
1.989773667219375284e+02 1.298235907279179173e+02
1.989773667219375284e+02 1.298235907279179173e+02
1.989916946510469984e+02 1.297242504194256583e+02
1.990060225801564684e+02 1.296249101109333992e+02
1.990203505092659384e+02 1.295255698024411402e+02
1.990346784383754084e+02 1.294262294939488811e+02
1.990346784383754084e+02 1.294262294939488811e+02
1.990549411900427401e+02 1.292857410823887960e+02
1.990752039417100718e+02 1.291452526708287110e+02
1.990954666933774035e+02 1.290047642592686259e+02
1.991157294450447353e+02 1.288642758477085408e+02
1.991157294450447353e+02 1.288642758477085408e+02
1.991300573741542053e+02 1.287649355392162818e+02
1.991443853032636753e+02 1.286655952307240227e+02
1.991587132323731453e+02 1.285662549222317637e+02
1.991730411614826153e+02 1.284669146137395046e+02
1.991730411614826153e+02 1.284669146137395046e+02
1.991843683840174322e+02 1.283883792041646643e+02
1.992026329815470547e+02 1.282617446612925676e+02
1.992299125458407048e+02 1.280726063488566808e+02
1.992667913105400146e+02 1.278169135802747149e+02
1.992667913105400146e+02 1.278169135802747149e+02
1.992794555303320863e+02 1.277291083230496582e+02
1.992956736448718402e+02 1.276166627289073148e+02
1.993160940857007972e+02 1.274750810058265102e+02
1.993410397056813679e+02 1.273021247072945812e+02
1.993410397056813679e+02 1.273021247072945812e+02
1.993553676347908379e+02 1.272027843988023221e+02
1.993696955639003079e+02 1.271034440903100631e+02
1.993840234930097779e+02 1.270041037818178040e+02
1.993983514221192479e+02 1.269047634733255450e+02
1.993983514221192479e+02 1.269047634733255450e+02
1.994126793512287179e+02 1.268054231648332859e+02
1.994270072803381879e+02 1.267060828563410269e+02
1.994413352094476579e+02 1.266067425478487678e+02
1.994556631385571279e+02 1.265074022393565087e+02
1.994556631385571279e+02 1.265074022393565087e+02
1.994699910676665979e+02 1.264080619308642497e+02
1.994843189967760679e+02 1.263087216223719906e+02
1.994986469258855379e+02 1.262093813138797316e+02
1.995129748549950079e+02 1.261100410053874725e+02
1.995129748549950079e+02 1.261100410053874725e+02
1.995273027841044780e+02 1.260107006968952135e+02
1.995416307132139480e+02 1.259113603884029544e+02
1.995559586423234180e+02 1.258120200799106954e+02
1.995702865714328880e+02 1.257126797714184363e+02
1.995702865714328880e+02 1.257126797714184363e+02
1.995846145005423580e+02 1.256133394629261772e+02
1.995989424296518280e+02 1.255139991544339182e+02
1.996132703587612980e+02 1.254146588459416591e+02
1.996275982878707680e+02 1.253153185374494001e+02
1.996275982878707680e+02 1.253153185374494001e+02
1.996419262169802380e+02 1.252159782289571410e+02
1.996562541460897080e+02 1.251166379204648820e+02
1.996705820751991780e+02 1.250172976119726229e+02
1.996849100043086480e+02 1.249179573034803639e+02
1.996849100043086480e+02 1.249179573034803639e+02
1.997098556242892187e+02 1.247450010049484348e+02
1.997302760651181757e+02 1.246034192818676303e+02
1.997464941796579296e+02 1.244909736877252868e+02
1.997591583994500013e+02 1.244031684305002301e+02
1.997591583994500013e+02 1.244031684305002301e+02
1.997794211511173330e+02 1.242626800189401450e+02
1.997996839027846647e+02 1.241221916073800600e+02
1.998199466544519964e+02 1.239817031958199749e+02
1.998402094061193282e+02 1.238412147842598898e+02
1.998402094061193282e+02 1.238412147842598898e+02
1.998746598085229493e+02 1.236023586609282034e+02
1.999043059869768797e+02 1.233968118236476528e+02
1.999292516069574503e+02 1.232238555251157237e+02
1.999496720477864073e+02 1.230822738020349192e+02
1.999496720477864073e+02 1.230822738020349192e+02
1.999699347994537391e+02 1.229417853904748341e+02
1.999901975511210708e+02 1.228012969789147490e+02
2.000104603027884025e+02 1.226608085673546640e+02
2.000307230544557342e+02 1.225203201557945789e+02
2.000307230544557342e+02 1.225203201557945789e+02
2.000454919457343976e+02 1.224179225095958259e+02
2.000602608370130611e+02 1.223155248633970729e+02
2.000781707483998844e+02 1.221913494777817561e+02
2.001011066259381437e+02 1.220323273935165531e+02
2.001011066259381437e+02 1.220323273935165531e+02
2.001213693776054754e+02 1.218918389819564680e+02
2.001416321292728071e+02 1.217513505703963830e+02
2.001618948809401388e+02 1.216108621588362979e+02
2.001821576326074705e+02 1.214703737472762128e+02
2.001821576326074705e+02 1.214703737472762128e+02
2.002025780734364275e+02 1.213287920241954083e+02
2.002229985142653845e+02 1.211872103011146038e+02
2.002446391425323782e+02 1.210371686117967300e+02
2.002685339446465207e+02 1.208714979838054262e+02
2.002685339446465207e+02 1.208714979838054262e+02
2.002833028359251841e+02 1.207691003376066732e+02
2.002980717272038476e+02 1.206667026914079202e+02
2.003159816385906709e+02 1.205425273057926034e+02
2.003389175161289302e+02 1.203835052215274004e+02
2.003389175161289302e+02 1.203835052215274004e+02
2.003591802677962619e+02 1.202430168099673153e+02
2.003794430194635936e+02 1.201025283984072303e+02
2.003997057711309253e+02 1.199620399868471452e+02
2.004199685227982570e+02 1.198215515752870601e+02
2.004199685227982570e+02 1.198215515752870601e+02
2.004402312744655887e+02 1.196810631637269751e+02
2.004604940261329205e+02 1.195405747521668900e+02
2.004807567778002522e+02 1.194000863406068049e+02
2.005010195294675839e+02 1.192595979290467199e+02
2.005010195294675839e+02 1.192595979290467199e+02
2.005212822811349156e+02 1.191191095174866348e+02
2.005415450328022473e+02 1.189786211059265497e+02
2.005618077844695790e+02 1.188381326943664646e+02
2.005820705361369107e+02 1.186976442828063796e+02
2.005820705361369107e+02 1.186976442828063796e+02
2.006023332878042424e+02 1.185571558712462945e+02
2.006225960394715742e+02 1.184166674596862094e+02
2.006428587911389059e+02 1.182761790481261244e+02
2.006631215428062376e+02 1.181356906365660393e+02
2.006631215428062376e+02 1.181356906365660393e+02
2.006833842944735693e+02 1.179952022250059542e+02
2.007036470461409010e+02 1.178547138134458692e+02
2.007239097978082327e+02 1.177142254018857841e+02
2.007441725494755644e+02 1.175737369903256990e+02
2.007441725494755644e+02 1.175737369903256990e+02
2.007644353011428962e+02 1.174332485787656140e+02
2.007846980528102279e+02 1.172927601672055289e+02
2.008049608044775596e+02 1.171522717556454438e+02
2.008252235561448913e+02 1.170117833440853587e+02
2.008252235561448913e+02 1.170117833440853587e+02
2.008454863078122230e+02 1.168712949325252737e+02
2.008657490594795547e+02 1.167308065209651886e+02
2.008860118111468864e+02 1.165903181094051035e+02
2.009062745628142181e+02 1.164498296978450185e+02
2.009062745628142181e+02 1.164498296978450185e+02
2.009265373144815499e+02 1.163093412862849334e+02
2.009468000661488816e+02 1.161688528747248483e+02
2.009670628178162133e+02 1.160283644631647633e+02
2.009873255694835450e+02 1.158878760516046782e+02
2.009873255694835450e+02 1.158878760516046782e+02
2.010112203715976875e+02 1.157222054236133744e+02
2.010328609998646812e+02 1.155721637342955006e+02
2.010532814406936382e+02 1.154305820112146961e+02
2.010737018815225952e+02 1.152890002881338916e+02
2.010737018815225952e+02 1.152890002881338916e+02
2.010986475015031658e+02 1.151160439896019625e+02
2.011190679423321228e+02 1.149744622665211580e+02
2.011352860568718768e+02 1.148620166723788145e+02
2.011479502766639484e+02 1.147742114151537578e+02
2.011479502766639484e+02 1.147742114151537578e+02
2.011622782057734184e+02 1.146748711066614987e+02
2.011766061348828885e+02 1.145755307981692397e+02
2.011909340639923585e+02 1.144761904896769806e+02
2.012052619931018285e+02 1.143768501811847216e+02
2.012052619931018285e+02 1.143768501811847216e+02
2.012279164381714907e+02 1.142197793620350694e+02
2.012505708832411528e+02 1.140627085428854173e+02
2.012732253283108150e+02 1.139056377237357651e+02
2.012958797733804772e+02 1.137485669045861130e+02
2.012958797733804772e+02 1.137485669045861130e+02
2.013208253933610479e+02 1.135756106060541839e+02
2.013412458341900049e+02 1.134340288829733794e+02
2.013574639487297588e+02 1.133215832888310359e+02
2.013701281685218305e+02 1.132337780316059792e+02
2.013701281685218305e+02 1.132337780316059792e+02
2.013844560976313005e+02 1.131344377231137202e+02
2.013987840267407705e+02 1.130350974146214611e+02
2.014131119558502405e+02 1.129357571061292020e+02
2.014274398849597105e+02 1.128364167976369430e+02
2.014274398849597105e+02 1.128364167976369430e+02
2.014401041047517822e+02 1.127486115404118863e+02
2.014563222192915362e+02 1.126361659462695428e+02
2.014767426601204932e+02 1.124945842231887383e+02
2.015016882801010638e+02 1.123216279246568092e+02
2.015016882801010638e+02 1.123216279246568092e+02
2.015160162092105338e+02 1.122222876161645502e+02
2.015303441383200038e+02 1.121229473076722911e+02
2.015446720674294738e+02 1.120236069991800321e+02
2.015589999965389438e+02 1.119242666906877730e+02
2.015589999965389438e+02 1.119242666906877730e+02
2.015819358740772032e+02 1.117652446064225700e+02
2.015998457854640264e+02 1.116410692208072533e+02
2.016146146767426899e+02 1.115386715746085002e+02
2.016293835680213533e+02 1.114362739284097472e+02
2.016293835680213533e+02 1.114362739284097472e+02
2.016420477878134250e+02 1.113484686711846905e+02
2.016582659023531789e+02 1.112360230770423470e+02
2.016786863431821359e+02 1.110944413539615425e+02
2.017036319631627066e+02 1.109214850554296135e+02
2.017036319631627066e+02 1.109214850554296135e+02
2.017162961829547783e+02 1.108336797982045567e+02
2.017325142974945322e+02 1.107212342040622133e+02
2.017529347383234892e+02 1.105796524809814088e+02
2.017778803583040599e+02 1.104066961824494797e+02
2.017778803583040599e+02 1.104066961824494797e+02
2.017905445780961315e+02 1.103188909252244230e+02
2.018067626926358855e+02 1.102064453310820795e+02
2.018271831334648425e+02 1.100648636080012750e+02
2.018521287534454132e+02 1.098919073094693459e+02
2.018521287534454132e+02 1.098919073094693459e+02
2.018770743734259838e+02 1.097189510109374169e+02
2.018974948142549408e+02 1.095773692878566123e+02
2.019137129287946948e+02 1.094649236937142689e+02
2.019263771485867665e+02 1.093771184364892122e+02
2.019263771485867665e+02 1.093771184364892122e+02
2.019407050776962365e+02 1.092777781279969531e+02
2.019550330068057065e+02 1.091784378195046941e+02
2.019693609359151765e+02 1.090790975110124350e+02
2.019836888650246465e+02 1.089797572025201760e+02
2.019836888650246465e+02 1.089797572025201760e+02
2.019980167941341165e+02 1.088804168940279169e+02
2.020123447232435865e+02 1.087810765855356578e+02
2.020266726523530565e+02 1.086817362770433988e+02
2.020410005814625265e+02 1.085823959685511397e+02
2.020410005814625265e+02 1.085823959685511397e+02
2.020659462014430972e+02 1.084094396700192107e+02
2.020863666422720542e+02 1.082678579469384061e+02
2.021025847568118081e+02 1.081554123527960627e+02
2.021152489766038798e+02 1.080676070955710060e+02
2.021152489766038798e+02 1.080676070955710060e+02
2.021401945965844504e+02 1.078946507970390769e+02
2.021606150374134074e+02 1.077530690739582724e+02
2.021768331519531614e+02 1.076406234798159289e+02
2.021894973717452331e+02 1.075528182225908722e+02
2.021894973717452331e+02 1.075528182225908722e+02
2.022144429917258037e+02 1.073798619240589431e+02
2.022348634325547607e+02 1.072382802009781386e+02
2.022510815470945147e+02 1.071258346068357952e+02
2.022637457668865864e+02 1.070380293496107384e+02
2.022637457668865864e+02 1.070380293496107384e+02
2.022886913868671570e+02 1.068650730510788094e+02
2.023091118276961140e+02 1.067234913279980049e+02
2.023253299422358680e+02 1.066110457338556614e+02
2.023379941620279396e+02 1.065232404766306047e+02
2.023379941620279396e+02 1.065232404766306047e+02
2.023629397820085103e+02 1.063502841780986756e+02
2.023833602228374673e+02 1.062087024550178711e+02
2.023995783373772213e+02 1.060962568608755277e+02
2.024122425571692929e+02 1.060084516036504709e+02
2.024122425571692929e+02 1.060084516036504709e+02
2.024371881771498636e+02 1.058354953051185419e+02
2.024576086179788206e+02 1.056939135820377373e+02
2.024738267325185745e+02 1.055814679878953939e+02
2.024864909523106462e+02 1.054936627306703372e+02
2.024864909523106462e+02 1.054936627306703372e+02
2.025114365722912169e+02 1.053207064321384081e+02
2.025318570131201739e+02 1.051791247090576036e+02
2.025480751276599278e+02 1.050666791149152601e+02
2.025607393474519995e+02 1.049788738576902034e+02
2.025607393474519995e+02 1.049788738576902034e+02
2.025856849674325701e+02 1.048059175591582743e+02
2.026061054082615271e+02 1.046643358360774698e+02
2.026223235228012811e+02 1.045518902419351264e+02
2.026349877425933528e+02 1.044640849847100696e+02
2.026349877425933528e+02 1.044640849847100696e+02
2.026702661766916833e+02 1.042194878416283643e+02
2.026991450410616267e+02 1.040192610486633384e+02
2.027220809185998860e+02 1.038602389643981354e+02
2.027399908299867093e+02 1.037360635787828187e+02
2.027399908299867093e+02 1.037360635787828187e+02
2.027649364499672799e+02 1.035631072802508896e+02
2.027853568907962369e+02 1.034215255571700851e+02
2.028015750053359909e+02 1.033090799630277417e+02
2.028142392251280626e+02 1.032212747058026849e+02
2.028142392251280626e+02 1.032212747058026849e+02
2.028269034449201342e+02 1.031334694485776282e+02
2.028431215594598882e+02 1.030210238544352848e+02
2.028635420002888452e+02 1.028794421313544802e+02
2.028884876202694159e+02 1.027064858328225512e+02
2.028884876202694159e+02 1.027064858328225512e+02
2.029123824223835584e+02 1.025408152048312473e+02
2.029340230506505520e+02 1.023907735155133736e+02
2.029544434914795090e+02 1.022491917924325691e+02
2.029748639323084660e+02 1.021076100693517645e+02
2.029748639323084660e+02 1.021076100693517645e+02
2.030117426970077759e+02 1.018519173007697987e+02
2.030390222613014259e+02 1.016627789883339119e+02
2.030572868588310484e+02 1.015361444454618294e+02
2.030686140813658653e+02 1.014576090358870033e+02
2.030686140813658653e+02 1.014576090358870033e+02
2.030812783011579370e+02 1.013698037786619466e+02
2.030974964156976910e+02 1.012573581845196031e+02
2.031179168565266480e+02 1.011157764614387986e+02
2.031428624765072186e+02 1.009428201629068695e+02
2.031428624765072186e+02 1.009428201629068695e+02
2.031571904056166886e+02 1.008434798544146105e+02
2.031715183347261586e+02 1.007441395459223514e+02
2.031858462638356286e+02 1.006447992374300924e+02
2.032001741929450986e+02 1.005454589289378333e+02
2.032001741929450986e+02 1.005454589289378333e+02
2.032149430842237621e+02 1.004430612827390803e+02
2.032297119755024255e+02 1.003406636365403273e+02
2.032476218868892488e+02 1.002164882509250106e+02
2.032705577644275081e+02 1.000574661666598075e+02
2.032705577644275081e+02 1.000574661666598075e+02
2.032909782052564651e+02 9.991588444357900300e+01
2.033113986460854221e+02 9.977430272049819848e+01
2.033330392743524158e+02 9.962426103118032472e+01
2.033569340764665583e+02 9.945859040318902089e+01
2.033569340764665583e+02 9.945859040318902089e+01
2.033808288785807008e+02 9.929291977519771706e+01
2.034024695068476944e+02 9.914287808587984330e+01
2.034228899476766514e+02 9.900129636279903877e+01
2.034433103885056084e+02 9.885971463971823425e+01
2.034433103885056084e+02 9.885971463971823425e+01
2.034580792797842719e+02 9.875731699351948123e+01
2.034728481710629353e+02 9.865491934732072821e+01
2.034907580824497586e+02 9.853074396170541149e+01
2.035136939599880179e+02 9.837172187744020846e+01
2.035136939599880179e+02 9.837172187744020846e+01
2.035339567116553496e+02 9.823123346588012339e+01
2.035542194633226813e+02 9.809074505432003832e+01
2.035744822149900131e+02 9.795025664275995325e+01
2.035947449666573448e+02 9.780976823119986818e+01
2.035947449666573448e+02 9.780976823119986818e+01
2.036150077183246765e+02 9.766927981963978311e+01
2.036352704699920082e+02 9.752879140807969804e+01
2.036555332216593399e+02 9.738830299651961298e+01
2.036757959733266716e+02 9.724781458495952791e+01
2.036757959733266716e+02 9.724781458495952791e+01
2.036960587249940033e+02 9.710732617339944284e+01
2.037163214766613351e+02 9.696683776183935777e+01
2.037365842283286668e+02 9.682634935027927270e+01
2.037568469799959985e+02 9.668586093871918763e+01
2.037568469799959985e+02 9.668586093871918763e+01
2.037771097316633302e+02 9.654537252715910256e+01
2.037973724833306619e+02 9.640488411559901749e+01
2.038176352349979936e+02 9.626439570403893242e+01
2.038378979866653253e+02 9.612390729247884735e+01
2.038378979866653253e+02 9.612390729247884735e+01
2.038581607383326570e+02 9.598341888091876228e+01
2.038784234899999888e+02 9.584293046935867721e+01
2.038986862416673205e+02 9.570244205779859215e+01
2.039189489933346522e+02 9.556195364623850708e+01
2.039189489933346522e+02 9.556195364623850708e+01
2.039392117450019839e+02 9.542146523467842201e+01
2.039594744966693156e+02 9.528097682311833694e+01
2.039797372483366473e+02 9.514048841155825187e+01
2.040000000000039790e+02 9.499999999999816680e+01
