1.690000000000000000e+02 1.800000000000000000e+02
1.688750000000000000e+02 1.808750000000000000e+02
1.690000000000000000e+02 1.820000000000000000e+02
1.693750000000000000e+02 1.833750000000000000e+02
1.700000000000000000e+02 1.850000000000000000e+02
1.700000000000000000e+02 1.850000000000000000e+02
1.700000000000000000e+02 1.860000000000000000e+02
1.700000000000000000e+02 1.870000000000000000e+02
1.700000000000000000e+02 1.880000000000000000e+02
1.700000000000000000e+02 1.890000000000000000e+02
1.700000000000000000e+02 1.890000000000000000e+02
1.698750000000000000e+02 1.900000000000000000e+02
1.700000000000000000e+02 1.910000000000000000e+02
1.703750000000000000e+02 1.920000000000000000e+02
1.710000000000000000e+02 1.930000000000000000e+02
1.710000000000000000e+02 1.930000000000000000e+02
1.708750000000000000e+02 1.940000000000000000e+02
1.710000000000000000e+02 1.950000000000000000e+02
1.713750000000000000e+02 1.960000000000000000e+02
1.720000000000000000e+02 1.970000000000000000e+02
1.720000000000000000e+02 1.970000000000000000e+02
1.725000000000000000e+02 1.975000000000000000e+02
1.730000000000000000e+02 1.980000000000000000e+02
1.735000000000000000e+02 1.985000000000000000e+02
1.740000000000000000e+02 1.990000000000000000e+02
1.740000000000000000e+02 1.990000000000000000e+02
1.738750000000000000e+02 2.000000000000000000e+02
1.740000000000000000e+02 2.010000000000000000e+02
1.743750000000000000e+02 2.020000000000000000e+02
1.750000000000000000e+02 2.030000000000000000e+02
1.750000000000000000e+02 2.030000000000000000e+02
1.755000000000000000e+02 2.035000000000000000e+02
1.760000000000000000e+02 2.040000000000000000e+02
1.765000000000000000e+02 2.045000000000000000e+02
1.770000000000000000e+02 2.050000000000000000e+02
1.770000000000000000e+02 2.050000000000000000e+02
1.775000000000000000e+02 2.055000000000000000e+02
1.780000000000000000e+02 2.060000000000000000e+02
1.785000000000000000e+02 2.065000000000000000e+02
1.790000000000000000e+02 2.070000000000000000e+02
1.790000000000000000e+02 2.070000000000000000e+02
1.795000000000000000e+02 2.075000000000000000e+02
1.800000000000000000e+02 2.080000000000000000e+02
1.805000000000000000e+02 2.085000000000000000e+02
1.810000000000000000e+02 2.090000000000000000e+02
1.810000000000000000e+02 2.090000000000000000e+02
1.815000000000000000e+02 2.095000000000000000e+02
1.820000000000000000e+02 2.100000000000000000e+02
1.825000000000000000e+02 2.105000000000000000e+02
1.830000000000000000e+02 2.110000000000000000e+02
1.830000000000000000e+02 2.110000000000000000e+02
1.835000000000000000e+02 2.115000000000000000e+02
1.840000000000000000e+02 2.120000000000000000e+02
1.845000000000000000e+02 2.125000000000000000e+02
1.850000000000000000e+02 2.130000000000000000e+02
1.850000000000000000e+02 2.130000000000000000e+02
1.860000000000000000e+02 2.130000000000000000e+02
1.870000000000000000e+02 2.130000000000000000e+02
1.880000000000000000e+02 2.130000000000000000e+02
1.890000000000000000e+02 2.130000000000000000e+02
1.890000000000000000e+02 2.130000000000000000e+02
1.893750000000000000e+02 2.136250000000000000e+02
1.900000000000000000e+02 2.140000000000000000e+02
1.908750000000000000e+02 2.141250000000000000e+02
1.920000000000000000e+02 2.140000000000000000e+02
1.920000000000000000e+02 2.140000000000000000e+02
1.931250000000000000e+02 2.145000000000000000e+02
1.940000000000000000e+02 2.150000000000000000e+02
1.946250000000000000e+02 2.155000000000000000e+02
1.950000000000000000e+02 2.160000000000000000e+02
1.950000000000000000e+02 2.160000000000000000e+02
1.960000000000000000e+02 2.160000000000000000e+02
1.970000000000000000e+02 2.160000000000000000e+02
1.980000000000000000e+02 2.160000000000000000e+02
1.990000000000000000e+02 2.160000000000000000e+02
1.990000000000000000e+02 2.160000000000000000e+02
2.000000000000000000e+02 2.166250000000000000e+02
2.010000000000000000e+02 2.170000000000000000e+02
2.020000000000000000e+02 2.171250000000000000e+02
2.030000000000000000e+02 2.170000000000000000e+02
2.030000000000000000e+02 2.170000000000000000e+02
2.040000000000000000e+02 2.170000000000000000e+02
2.050000000000000000e+02 2.170000000000000000e+02
2.060000000000000000e+02 2.170000000000000000e+02
2.070000000000000000e+02 2.170000000000000000e+02
2.070000000000000000e+02 2.170000000000000000e+02
2.080000000000000000e+02 2.175000000000000000e+02
2.090000000000000000e+02 2.180000000000000000e+02
2.100000000000000000e+02 2.185000000000000000e+02
2.110000000000000000e+02 2.190000000000000000e+02
2.110000000000000000e+02 2.190000000000000000e+02
2.120000000000000000e+02 2.190000000000000000e+02
2.130000000000000000e+02 2.190000000000000000e+02
2.140000000000000000e+02 2.190000000000000000e+02
2.150000000000000000e+02 2.190000000000000000e+02
2.150000000000000000e+02 2.190000000000000000e+02
2.160000000000000000e+02 2.190000000000000000e+02
2.170000000000000000e+02 2.190000000000000000e+02
2.180000000000000000e+02 2.190000000000000000e+02
2.190000000000000000e+02 2.190000000000000000e+02
2.190000000000000000e+02 2.190000000000000000e+02
2.200000000000000000e+02 2.190000000000000000e+02
2.210000000000000000e+02 2.190000000000000000e+02
2.220000000000000000e+02 2.190000000000000000e+02
2.230000000000000000e+02 2.190000000000000000e+02
2.230000000000000000e+02 2.190000000000000000e+02
2.240000000000000000e+02 2.190000000000000000e+02
2.250000000000000000e+02 2.190000000000000000e+02
2.260000000000000000e+02 2.190000000000000000e+02
2.270000000000000000e+02 2.190000000000000000e+02
2.270000000000000000e+02 2.190000000000000000e+02
2.281250000000000000e+02 2.191250000000000000e+02
2.290000000000000000e+02 2.190000000000000000e+02
2.296250000000000000e+02 2.186250000000000000e+02
2.300000000000000000e+02 2.180000000000000000e+02
2.300000000000000000e+02 2.180000000000000000e+02
2.303750000000000000e+02 2.173750000000000000e+02
2.310000000000000000e+02 2.170000000000000000e+02
2.318750000000000000e+02 2.168750000000000000e+02
2.330000000000000000e+02 2.170000000000000000e+02
2.330000000000000000e+02 2.170000000000000000e+02
2.340000000000000000e+02 2.163750000000000000e+02
2.350000000000000000e+02 2.160000000000000000e+02
2.360000000000000000e+02 2.158750000000000000e+02
2.370000000000000000e+02 2.160000000000000000e+02
2.370000000000000000e+02 2.160000000000000000e+02
2.380000000000000000e+02 2.160000000000000000e+02
2.390000000000000000e+02 2.160000000000000000e+02
2.400000000000000000e+02 2.160000000000000000e+02
2.410000000000000000e+02 2.160000000000000000e+02
2.410000000000000000e+02 2.160000000000000000e+02
2.420000000000000000e+02 2.153750000000000000e+02
2.430000000000000000e+02 2.150000000000000000e+02
2.440000000000000000e+02 2.148750000000000000e+02
2.450000000000000000e+02 2.150000000000000000e+02
2.450000000000000000e+02 2.150000000000000000e+02
2.453750000000000000e+02 2.143750000000000000e+02
2.460000000000000000e+02 2.140000000000000000e+02
2.468750000000000000e+02 2.138750000000000000e+02
2.480000000000000000e+02 2.140000000000000000e+02
2.480000000000000000e+02 2.140000000000000000e+02
2.485000000000000000e+02 2.135000000000000000e+02
2.490000000000000000e+02 2.130000000000000000e+02
2.495000000000000000e+02 2.125000000000000000e+02
2.500000000000000000e+02 2.120000000000000000e+02
2.500000000000000000e+02 2.120000000000000000e+02
2.503750000000000000e+02 2.113750000000000000e+02
2.510000000000000000e+02 2.110000000000000000e+02
2.518750000000000000e+02 2.108750000000000000e+02
2.530000000000000000e+02 2.110000000000000000e+02
2.530000000000000000e+02 2.110000000000000000e+02
2.533750000000000000e+02 2.105000000000000000e+02
2.540000000000000000e+02 2.100000000000000000e+02
2.548750000000000000e+02 2.095000000000000000e+02
2.560000000000000000e+02 2.090000000000000000e+02
2.560000000000000000e+02 2.090000000000000000e+02
2.571250000000000000e+02 2.091250000000000000e+02
2.580000000000000000e+02 2.090000000000000000e+02
2.586250000000000000e+02 2.086250000000000000e+02
2.590000000000000000e+02 2.080000000000000000e+02
2.590000000000000000e+02 2.080000000000000000e+02
2.595000000000000000e+02 2.075000000000000000e+02
2.600000000000000000e+02 2.070000000000000000e+02
2.605000000000000000e+02 2.065000000000000000e+02
2.610000000000000000e+02 2.060000000000000000e+02
2.610000000000000000e+02 2.060000000000000000e+02
2.620000000000000000e+02 2.055000000000000000e+02
2.630000000000000000e+02 2.050000000000000000e+02
2.640000000000000000e+02 2.045000000000000000e+02
2.650000000000000000e+02 2.040000000000000000e+02
2.650000000000000000e+02 2.040000000000000000e+02
2.655000000000000000e+02 2.036250000000000000e+02
2.660000000000000000e+02 2.030000000000000000e+02
2.665000000000000000e+02 2.021250000000000000e+02
2.670000000000000000e+02 2.010000000000000000e+02
2.670000000000000000e+02 2.010000000000000000e+02
2.681250000000000000e+02 2.005000000000000000e+02
2.690000000000000000e+02 2.000000000000000000e+02
2.696250000000000000e+02 1.995000000000000000e+02
2.700000000000000000e+02 1.990000000000000000e+02
2.700000000000000000e+02 1.990000000000000000e+02
2.705000000000000000e+02 1.978750000000000000e+02
2.710000000000000000e+02 1.970000000000000000e+02
2.715000000000000000e+02 1.963750000000000000e+02
2.720000000000000000e+02 1.960000000000000000e+02
2.720000000000000000e+02 1.960000000000000000e+02
2.725000000000000000e+02 1.955000000000000000e+02
2.730000000000000000e+02 1.950000000000000000e+02
2.735000000000000000e+02 1.945000000000000000e+02
2.740000000000000000e+02 1.940000000000000000e+02
2.740000000000000000e+02 1.940000000000000000e+02
2.746250000000000000e+02 1.930000000000000000e+02
2.750000000000000000e+02 1.920000000000000000e+02
2.751250000000000000e+02 1.910000000000000000e+02
2.750000000000000000e+02 1.900000000000000000e+02
2.750000000000000000e+02 1.900000000000000000e+02
2.755000000000000000e+02 1.896250000000000000e+02
2.760000000000000000e+02 1.890000000000000000e+02
2.765000000000000000e+02 1.881250000000000000e+02
2.770000000000000000e+02 1.870000000000000000e+02
2.770000000000000000e+02 1.870000000000000000e+02
2.775000000000000000e+02 1.866250000000000000e+02
2.780000000000000000e+02 1.860000000000000000e+02
2.785000000000000000e+02 1.851250000000000000e+02
2.790000000000000000e+02 1.840000000000000000e+02
2.790000000000000000e+02 1.840000000000000000e+02
2.790000000000000000e+02 1.830000000000000000e+02
2.790000000000000000e+02 1.820000000000000000e+02
2.790000000000000000e+02 1.810000000000000000e+02
2.790000000000000000e+02 1.800000000000000000e+02
2.790000000000000000e+02 1.800000000000000000e+02
2.790000000000000000e+02 1.790000000000000000e+02
2.790000000000000000e+02 1.780000000000000000e+02
2.790000000000000000e+02 1.770000000000000000e+02
2.790000000000000000e+02 1.760000000000000000e+02
2.790000000000000000e+02 1.760000000000000000e+02
2.790000000000000000e+02 1.750000000000000000e+02
2.790000000000000000e+02 1.740000000000000000e+02
2.790000000000000000e+02 1.730000000000000000e+02
2.790000000000000000e+02 1.720000000000000000e+02
2.790000000000000000e+02 1.720000000000000000e+02
2.790000000000000000e+02 1.710000000000000000e+02
2.790000000000000000e+02 1.700000000000000000e+02
2.790000000000000000e+02 1.690000000000000000e+02
2.790000000000000000e+02 1.680000000000000000e+02
2.790000000000000000e+02 1.680000000000000000e+02
2.790000000000000000e+02 1.670000000000000000e+02
2.790000000000000000e+02 1.660000000000000000e+02
2.790000000000000000e+02 1.650000000000000000e+02
2.790000000000000000e+02 1.640000000000000000e+02
2.790000000000000000e+02 1.640000000000000000e+02
2.790000000000000000e+02 1.630000000000000000e+02
2.790000000000000000e+02 1.620000000000000000e+02
2.790000000000000000e+02 1.610000000000000000e+02
2.790000000000000000e+02 1.600000000000000000e+02
2.790000000000000000e+02 1.600000000000000000e+02
2.790000000000000000e+02 1.590000000000000000e+02
2.790000000000000000e+02 1.580000000000000000e+02
2.790000000000000000e+02 1.570000000000000000e+02
2.790000000000000000e+02 1.560000000000000000e+02
2.790000000000000000e+02 1.560000000000000000e+02
2.791250000000000000e+02 1.551250000000000000e+02
2.790000000000000000e+02 1.540000000000000000e+02
2.786250000000000000e+02 1.526250000000000000e+02
2.780000000000000000e+02 1.510000000000000000e+02
2.780000000000000000e+02 1.510000000000000000e+02
2.775000000000000000e+02 1.507500000000000000e+02
2.770000000000000000e+02 1.500000000000000000e+02
2.765000000000000000e+02 1.487500000000000000e+02
2.760000000000000000e+02 1.470000000000000000e+02
2.760000000000000000e+02 1.470000000000000000e+02
2.756250000000000000e+02 1.458750000000000000e+02
2.750000000000000000e+02 1.450000000000000000e+02
2.741250000000000000e+02 1.443750000000000000e+02
2.730000000000000000e+02 1.440000000000000000e+02
2.730000000000000000e+02 1.440000000000000000e+02
2.725000000000000000e+02 1.436250000000000000e+02
2.720000000000000000e+02 1.430000000000000000e+02
2.715000000000000000e+02 1.421250000000000000e+02
2.710000000000000000e+02 1.410000000000000000e+02
2.710000000000000000e+02 1.410000000000000000e+02
2.710000000000000000e+02 1.400000000000000000e+02
2.710000000000000000e+02 1.390000000000000000e+02
2.710000000000000000e+02 1.380000000000000000e+02
2.710000000000000000e+02 1.370000000000000000e+02
2.710000000000000000e+02 1.370000000000000000e+02
2.706250000000000000e+02 1.358750000000000000e+02
2.700000000000000000e+02 1.350000000000000000e+02
2.691250000000000000e+02 1.343750000000000000e+02
2.680000000000000000e+02 1.340000000000000000e+02
2.680000000000000000e+02 1.340000000000000000e+02
2.675000000000000000e+02 1.336250000000000000e+02
2.670000000000000000e+02 1.330000000000000000e+02
2.665000000000000000e+02 1.321250000000000000e+02
2.660000000000000000e+02 1.310000000000000000e+02
2.660000000000000000e+02 1.310000000000000000e+02
2.656250000000000000e+02 1.305000000000000000e+02
2.650000000000000000e+02 1.300000000000000000e+02
2.641250000000000000e+02 1.295000000000000000e+02
2.630000000000000000e+02 1.290000000000000000e+02
2.630000000000000000e+02 1.290000000000000000e+02
2.625000000000000000e+02 1.286250000000000000e+02
2.620000000000000000e+02 1.280000000000000000e+02
2.615000000000000000e+02 1.271250000000000000e+02
2.610000000000000000e+02 1.260000000000000000e+02
2.610000000000000000e+02 1.260000000000000000e+02
2.606250000000000000e+02 1.255000000000000000e+02
2.600000000000000000e+02 1.250000000000000000e+02
2.591250000000000000e+02 1.245000000000000000e+02
2.580000000000000000e+02 1.240000000000000000e+02
2.580000000000000000e+02 1.240000000000000000e+02
2.575000000000000000e+02 1.236250000000000000e+02
2.570000000000000000e+02 1.230000000000000000e+02
2.565000000000000000e+02 1.221250000000000000e+02
2.560000000000000000e+02 1.210000000000000000e+02
2.560000000000000000e+02 1.210000000000000000e+02
2.556250000000000000e+02 1.205000000000000000e+02
2.550000000000000000e+02 1.200000000000000000e+02
2.541250000000000000e+02 1.195000000000000000e+02
2.530000000000000000e+02 1.190000000000000000e+02
2.530000000000000000e+02 1.190000000000000000e+02
2.525000000000000000e+02 1.186250000000000000e+02
2.520000000000000000e+02 1.180000000000000000e+02
2.515000000000000000e+02 1.171250000000000000e+02
2.510000000000000000e+02 1.160000000000000000e+02
2.510000000000000000e+02 1.160000000000000000e+02
2.501250000000000000e+02 1.155000000000000000e+02
2.490000000000000000e+02 1.150000000000000000e+02
2.476250000000000000e+02 1.145000000000000000e+02
2.460000000000000000e+02 1.140000000000000000e+02
2.460000000000000000e+02 1.140000000000000000e+02
2.448750000000000000e+02 1.135000000000000000e+02
2.440000000000000000e+02 1.130000000000000000e+02
2.433750000000000000e+02 1.125000000000000000e+02
2.430000000000000000e+02 1.120000000000000000e+02
2.430000000000000000e+02 1.120000000000000000e+02
2.420000000000000000e+02 1.113750000000000000e+02
2.410000000000000000e+02 1.110000000000000000e+02
2.400000000000000000e+02 1.108750000000000000e+02
2.390000000000000000e+02 1.110000000000000000e+02
2.390000000000000000e+02 1.110000000000000000e+02
2.380000000000000000e+02 1.110000000000000000e+02
2.370000000000000000e+02 1.110000000000000000e+02
2.360000000000000000e+02 1.110000000000000000e+02
2.350000000000000000e+02 1.110000000000000000e+02
2.350000000000000000e+02 1.110000000000000000e+02
2.346250000000000000e+02 1.103750000000000000e+02
2.340000000000000000e+02 1.100000000000000000e+02
2.331250000000000000e+02 1.098750000000000000e+02
2.320000000000000000e+02 1.100000000000000000e+02
2.320000000000000000e+02 1.100000000000000000e+02
2.310000000000000000e+02 1.100000000000000000e+02
2.300000000000000000e+02 1.100000000000000000e+02
2.290000000000000000e+02 1.100000000000000000e+02
2.280000000000000000e+02 1.100000000000000000e+02
2.280000000000000000e+02 1.100000000000000000e+02
2.270000000000000000e+02 1.100000000000000000e+02
2.260000000000000000e+02 1.100000000000000000e+02
2.250000000000000000e+02 1.100000000000000000e+02
2.240000000000000000e+02 1.100000000000000000e+02
2.240000000000000000e+02 1.100000000000000000e+02
2.230000000000000000e+02 1.100000000000000000e+02
2.220000000000000000e+02 1.100000000000000000e+02
2.210000000000000000e+02 1.100000000000000000e+02
2.200000000000000000e+02 1.100000000000000000e+02
2.200000000000000000e+02 1.100000000000000000e+02
2.190000000000000000e+02 1.100000000000000000e+02
2.180000000000000000e+02 1.100000000000000000e+02
2.170000000000000000e+02 1.100000000000000000e+02
2.160000000000000000e+02 1.100000000000000000e+02
2.160000000000000000e+02 1.100000000000000000e+02
2.150000000000000000e+02 1.100000000000000000e+02
2.140000000000000000e+02 1.100000000000000000e+02
2.130000000000000000e+02 1.100000000000000000e+02
2.120000000000000000e+02 1.100000000000000000e+02
2.120000000000000000e+02 1.100000000000000000e+02
2.110000000000000000e+02 1.100000000000000000e+02
2.100000000000000000e+02 1.100000000000000000e+02
2.090000000000000000e+02 1.100000000000000000e+02
2.080000000000000000e+02 1.100000000000000000e+02
2.080000000000000000e+02 1.100000000000000000e+02
2.070000000000000000e+02 1.100000000000000000e+02
2.060000000000000000e+02 1.100000000000000000e+02
2.050000000000000000e+02 1.100000000000000000e+02
2.040000000000000000e+02 1.100000000000000000e+02
2.040000000000000000e+02 1.100000000000000000e+02
2.030000000000000000e+02 1.100000000000000000e+02
2.020000000000000000e+02 1.100000000000000000e+02
2.010000000000000000e+02 1.100000000000000000e+02
2.000000000000000000e+02 1.100000000000000000e+02
2.000000000000000000e+02 1.100000000000000000e+02
1.990000000000000000e+02 1.100000000000000000e+02
1.980000000000000000e+02 1.100000000000000000e+02
1.970000000000000000e+02 1.100000000000000000e+02
1.960000000000000000e+02 1.100000000000000000e+02
1.960000000000000000e+02 1.100000000000000000e+02
1.950000000000000000e+02 1.100000000000000000e+02
1.940000000000000000e+02 1.100000000000000000e+02
1.930000000000000000e+02 1.100000000000000000e+02
1.920000000000000000e+02 1.100000000000000000e+02
1.920000000000000000e+02 1.100000000000000000e+02
1.910000000000000000e+02 1.100000000000000000e+02
1.900000000000000000e+02 1.100000000000000000e+02
1.890000000000000000e+02 1.100000000000000000e+02
1.880000000000000000e+02 1.100000000000000000e+02
1.880000000000000000e+02 1.100000000000000000e+02
1.870000000000000000e+02 1.100000000000000000e+02
1.860000000000000000e+02 1.100000000000000000e+02
1.850000000000000000e+02 1.100000000000000000e+02
1.840000000000000000e+02 1.100000000000000000e+02
1.840000000000000000e+02 1.100000000000000000e+02
1.830000000000000000e+02 1.100000000000000000e+02
1.820000000000000000e+02 1.100000000000000000e+02
1.810000000000000000e+02 1.100000000000000000e+02
1.800000000000000000e+02 1.100000000000000000e+02
1.800000000000000000e+02 1.100000000000000000e+02
1.796250000000000000e+02 1.105000000000000000e+02
1.790000000000000000e+02 1.110000000000000000e+02
1.781250000000000000e+02 1.115000000000000000e+02
1.770000000000000000e+02 1.120000000000000000e+02
1.770000000000000000e+02 1.120000000000000000e+02
1.760000000000000000e+02 1.118750000000000000e+02
1.750000000000000000e+02 1.120000000000000000e+02
1.740000000000000000e+02 1.123750000000000000e+02
1.730000000000000000e+02 1.130000000000000000e+02
1.730000000000000000e+02 1.130000000000000000e+02
1.720000000000000000e+02 1.128750000000000000e+02
1.710000000000000000e+02 1.130000000000000000e+02
1.700000000000000000e+02 1.133750000000000000e+02
1.690000000000000000e+02 1.140000000000000000e+02
1.690000000000000000e+02 1.140000000000000000e+02
1.685000000000000000e+02 1.145000000000000000e+02
1.680000000000000000e+02 1.150000000000000000e+02
1.675000000000000000e+02 1.155000000000000000e+02
1.670000000000000000e+02 1.160000000000000000e+02
1.670000000000000000e+02 1.160000000000000000e+02
1.658750000000000000e+02 1.158750000000000000e+02
1.650000000000000000e+02 1.160000000000000000e+02
1.643750000000000000e+02 1.163750000000000000e+02
1.640000000000000000e+02 1.170000000000000000e+02
1.640000000000000000e+02 1.170000000000000000e+02
1.630000000000000000e+02 1.176250000000000000e+02
1.620000000000000000e+02 1.180000000000000000e+02
1.610000000000000000e+02 1.181250000000000000e+02
1.600000000000000000e+02 1.180000000000000000e+02
1.600000000000000000e+02 1.180000000000000000e+02
1.588750000000000000e+02 1.178750000000000000e+02
1.580000000000000000e+02 1.180000000000000000e+02
1.573750000000000000e+02 1.183750000000000000e+02
1.570000000000000000e+02 1.190000000000000000e+02
1.570000000000000000e+02 1.190000000000000000e+02
1.560000000000000000e+02 1.188750000000000000e+02
1.550000000000000000e+02 1.190000000000000000e+02
1.540000000000000000e+02 1.193750000000000000e+02
1.530000000000000000e+02 1.200000000000000000e+02
1.530000000000000000e+02 1.200000000000000000e+02
1.525000000000000000e+02 1.205000000000000000e+02
1.520000000000000000e+02 1.210000000000000000e+02
1.515000000000000000e+02 1.215000000000000000e+02
1.510000000000000000e+02 1.220000000000000000e+02
1.510000000000000000e+02 1.220000000000000000e+02
1.500000000000000000e+02 1.225000000000000000e+02
1.490000000000000000e+02 1.230000000000000000e+02
1.480000000000000000e+02 1.235000000000000000e+02
1.470000000000000000e+02 1.240000000000000000e+02
1.470000000000000000e+02 1.240000000000000000e+02
1.465000000000000000e+02 1.245000000000000000e+02
1.460000000000000000e+02 1.250000000000000000e+02
1.455000000000000000e+02 1.255000000000000000e+02
1.450000000000000000e+02 1.260000000000000000e+02
1.450000000000000000e+02 1.260000000000000000e+02
1.445000000000000000e+02 1.265000000000000000e+02
1.440000000000000000e+02 1.270000000000000000e+02
1.435000000000000000e+02 1.275000000000000000e+02
1.430000000000000000e+02 1.280000000000000000e+02
1.430000000000000000e+02 1.280000000000000000e+02
1.425000000000000000e+02 1.285000000000000000e+02
1.420000000000000000e+02 1.290000000000000000e+02
1.415000000000000000e+02 1.295000000000000000e+02
1.410000000000000000e+02 1.300000000000000000e+02
1.410000000000000000e+02 1.300000000000000000e+02
1.405000000000000000e+02 1.305000000000000000e+02
1.400000000000000000e+02 1.310000000000000000e+02
1.395000000000000000e+02 1.315000000000000000e+02
1.390000000000000000e+02 1.320000000000000000e+02
1.390000000000000000e+02 1.320000000000000000e+02
1.386250000000000000e+02 1.325000000000000000e+02
1.380000000000000000e+02 1.330000000000000000e+02
1.371250000000000000e+02 1.335000000000000000e+02
1.360000000000000000e+02 1.340000000000000000e+02
1.360000000000000000e+02 1.340000000000000000e+02
1.348750000000000000e+02 1.345000000000000000e+02
1.340000000000000000e+02 1.350000000000000000e+02
1.333750000000000000e+02 1.355000000000000000e+02
1.330000000000000000e+02 1.360000000000000000e+02
1.330000000000000000e+02 1.360000000000000000e+02
1.325000000000000000e+02 1.365000000000000000e+02
1.320000000000000000e+02 1.370000000000000000e+02
1.315000000000000000e+02 1.375000000000000000e+02
1.310000000000000000e+02 1.380000000000000000e+02
1.310000000000000000e+02 1.380000000000000000e+02
1.305000000000000000e+02 1.385000000000000000e+02
1.300000000000000000e+02 1.390000000000000000e+02
1.295000000000000000e+02 1.395000000000000000e+02
1.290000000000000000e+02 1.400000000000000000e+02
1.290000000000000000e+02 1.400000000000000000e+02
1.285000000000000000e+02 1.405000000000000000e+02
1.280000000000000000e+02 1.410000000000000000e+02
1.275000000000000000e+02 1.415000000000000000e+02
1.270000000000000000e+02 1.420000000000000000e+02
1.270000000000000000e+02 1.420000000000000000e+02
1.265000000000000000e+02 1.430000000000000000e+02
1.260000000000000000e+02 1.440000000000000000e+02
1.255000000000000000e+02 1.450000000000000000e+02
1.250000000000000000e+02 1.460000000000000000e+02
1.250000000000000000e+02 1.460000000000000000e+02
1.245000000000000000e+02 1.463750000000000000e+02
1.240000000000000000e+02 1.470000000000000000e+02
1.235000000000000000e+02 1.478750000000000000e+02
1.230000000000000000e+02 1.490000000000000000e+02
1.230000000000000000e+02 1.490000000000000000e+02
1.231250000000000000e+02 1.501250000000000000e+02
1.230000000000000000e+02 1.510000000000000000e+02
1.226250000000000000e+02 1.516250000000000000e+02
1.220000000000000000e+02 1.520000000000000000e+02
1.220000000000000000e+02 1.520000000000000000e+02
1.215000000000000000e+02 1.530000000000000000e+02
1.210000000000000000e+02 1.540000000000000000e+02
1.205000000000000000e+02 1.550000000000000000e+02
1.200000000000000000e+02 1.560000000000000000e+02
1.200000000000000000e+02 1.560000000000000000e+02
1.193750000000000000e+02 1.563750000000000000e+02
1.190000000000000000e+02 1.570000000000000000e+02
1.188750000000000000e+02 1.578750000000000000e+02
1.190000000000000000e+02 1.590000000000000000e+02
1.190000000000000000e+02 1.590000000000000000e+02
1.191250000000000000e+02 1.600000000000000000e+02
1.190000000000000000e+02 1.610000000000000000e+02
1.186250000000000000e+02 1.620000000000000000e+02
1.180000000000000000e+02 1.630000000000000000e+02
1.180000000000000000e+02 1.630000000000000000e+02
1.181250000000000000e+02 1.641250000000000000e+02
1.180000000000000000e+02 1.650000000000000000e+02
1.176250000000000000e+02 1.656250000000000000e+02
1.170000000000000000e+02 1.660000000000000000e+02
1.170000000000000000e+02 1.660000000000000000e+02
1.171250000000000000e+02 1.671250000000000000e+02
1.170000000000000000e+02 1.680000000000000000e+02
1.166250000000000000e+02 1.686250000000000000e+02
1.160000000000000000e+02 1.690000000000000000e+02
1.160000000000000000e+02 1.690000000000000000e+02
1.161250000000000000e+02 1.701250000000000000e+02
1.160000000000000000e+02 1.710000000000000000e+02
1.156250000000000000e+02 1.716250000000000000e+02
1.150000000000000000e+02 1.720000000000000000e+02
1.150000000000000000e+02 1.720000000000000000e+02
1.143750000000000000e+02 1.723750000000000000e+02
1.140000000000000000e+02 1.730000000000000000e+02
1.138750000000000000e+02 1.738750000000000000e+02
1.140000000000000000e+02 1.750000000000000000e+02
1.140000000000000000e+02 1.750000000000000000e+02
1.133750000000000000e+02 1.753750000000000000e+02
1.130000000000000000e+02 1.760000000000000000e+02
1.128750000000000000e+02 1.768750000000000000e+02
1.130000000000000000e+02 1.780000000000000000e+02
1.130000000000000000e+02 1.780000000000000000e+02
1.131250000000000000e+02 1.791250000000000000e+02
1.130000000000000000e+02 1.800000000000000000e+02
1.126250000000000000e+02 1.806250000000000000e+02
1.120000000000000000e+02 1.810000000000000000e+02
1.120000000000000000e+02 1.810000000000000000e+02
1.113750000000000000e+02 1.820000000000000000e+02
1.110000000000000000e+02 1.830000000000000000e+02
1.108750000000000000e+02 1.840000000000000000e+02
1.110000000000000000e+02 1.850000000000000000e+02
1.110000000000000000e+02 1.850000000000000000e+02
1.110000000000000000e+02 1.860000000000000000e+02
1.110000000000000000e+02 1.870000000000000000e+02
1.110000000000000000e+02 1.880000000000000000e+02
1.110000000000000000e+02 1.890000000000000000e+02
1.110000000000000000e+02 1.890000000000000000e+02
1.110000000000000000e+02 1.900000000000000000e+02
1.110000000000000000e+02 1.910000000000000000e+02
1.110000000000000000e+02 1.920000000000000000e+02
1.110000000000000000e+02 1.930000000000000000e+02
1.110000000000000000e+02 1.930000000000000000e+02
1.110000000000000000e+02 1.940000000000000000e+02
1.110000000000000000e+02 1.950000000000000000e+02
1.110000000000000000e+02 1.960000000000000000e+02
1.110000000000000000e+02 1.970000000000000000e+02
1.110000000000000000e+02 1.970000000000000000e+02
1.110000000000000000e+02 1.980000000000000000e+02
1.110000000000000000e+02 1.990000000000000000e+02
1.110000000000000000e+02 2.000000000000000000e+02
1.110000000000000000e+02 2.010000000000000000e+02
1.110000000000000000e+02 2.010000000000000000e+02
1.110000000000000000e+02 2.020000000000000000e+02
1.110000000000000000e+02 2.030000000000000000e+02
1.110000000000000000e+02 2.040000000000000000e+02
1.110000000000000000e+02 2.050000000000000000e+02
1.110000000000000000e+02 2.050000000000000000e+02
1.110000000000000000e+02 2.060000000000000000e+02
1.110000000000000000e+02 2.070000000000000000e+02
1.110000000000000000e+02 2.080000000000000000e+02
1.110000000000000000e+02 2.090000000000000000e+02
1.110000000000000000e+02 2.090000000000000000e+02
1.110000000000000000e+02 2.100000000000000000e+02
1.110000000000000000e+02 2.110000000000000000e+02
1.110000000000000000e+02 2.120000000000000000e+02
1.110000000000000000e+02 2.130000000000000000e+02
1.110000000000000000e+02 2.130000000000000000e+02
1.110000000000000000e+02 2.140000000000000000e+02
1.110000000000000000e+02 2.150000000000000000e+02
1.110000000000000000e+02 2.160000000000000000e+02
1.110000000000000000e+02 2.170000000000000000e+02
1.110000000000000000e+02 2.170000000000000000e+02
1.115000000000000000e+02 2.187500000000000000e+02
1.120000000000000000e+02 2.200000000000000000e+02
1.125000000000000000e+02 2.207500000000000000e+02
1.130000000000000000e+02 2.210000000000000000e+02
1.130000000000000000e+02 2.210000000000000000e+02
1.136250000000000000e+02 2.220000000000000000e+02
1.140000000000000000e+02 2.230000000000000000e+02
1.141250000000000000e+02 2.240000000000000000e+02
1.140000000000000000e+02 2.250000000000000000e+02
1.140000000000000000e+02 2.250000000000000000e+02
1.145000000000000000e+02 2.258750000000000000e+02
1.150000000000000000e+02 2.270000000000000000e+02
1.155000000000000000e+02 2.283750000000000000e+02
1.160000000000000000e+02 2.300000000000000000e+02
1.160000000000000000e+02 2.300000000000000000e+02
1.158750000000000000e+02 2.311250000000000000e+02
1.160000000000000000e+02 2.320000000000000000e+02
1.163750000000000000e+02 2.326250000000000000e+02
1.170000000000000000e+02 2.330000000000000000e+02
1.170000000000000000e+02 2.330000000000000000e+02
1.175000000000000000e+02 2.335000000000000000e+02
1.180000000000000000e+02 2.340000000000000000e+02
1.185000000000000000e+02 2.345000000000000000e+02
1.190000000000000000e+02 2.350000000000000000e+02
1.190000000000000000e+02 2.350000000000000000e+02
1.195000000000000000e+02 2.353750000000000000e+02
1.200000000000000000e+02 2.360000000000000000e+02
1.205000000000000000e+02 2.368750000000000000e+02
1.210000000000000000e+02 2.380000000000000000e+02
1.210000000000000000e+02 2.380000000000000000e+02
1.215000000000000000e+02 2.391250000000000000e+02
1.220000000000000000e+02 2.400000000000000000e+02
1.225000000000000000e+02 2.406250000000000000e+02
1.230000000000000000e+02 2.410000000000000000e+02
1.230000000000000000e+02 2.410000000000000000e+02
1.235000000000000000e+02 2.415000000000000000e+02
1.240000000000000000e+02 2.420000000000000000e+02
1.245000000000000000e+02 2.425000000000000000e+02
1.250000000000000000e+02 2.430000000000000000e+02
1.250000000000000000e+02 2.430000000000000000e+02
1.255000000000000000e+02 2.435000000000000000e+02
1.260000000000000000e+02 2.440000000000000000e+02
1.265000000000000000e+02 2.445000000000000000e+02
1.270000000000000000e+02 2.450000000000000000e+02
1.270000000000000000e+02 2.450000000000000000e+02
1.275000000000000000e+02 2.455000000000000000e+02
1.280000000000000000e+02 2.460000000000000000e+02
1.285000000000000000e+02 2.465000000000000000e+02
1.290000000000000000e+02 2.470000000000000000e+02
1.290000000000000000e+02 2.470000000000000000e+02
1.295000000000000000e+02 2.473750000000000000e+02
1.300000000000000000e+02 2.480000000000000000e+02
1.305000000000000000e+02 2.488750000000000000e+02
1.310000000000000000e+02 2.500000000000000000e+02
1.310000000000000000e+02 2.500000000000000000e+02
1.313750000000000000e+02 2.511250000000000000e+02
1.320000000000000000e+02 2.520000000000000000e+02
1.328750000000000000e+02 2.526250000000000000e+02
1.340000000000000000e+02 2.530000000000000000e+02
1.340000000000000000e+02 2.530000000000000000e+02
1.345000000000000000e+02 2.535000000000000000e+02
1.350000000000000000e+02 2.540000000000000000e+02
1.355000000000000000e+02 2.545000000000000000e+02
1.360000000000000000e+02 2.550000000000000000e+02
1.360000000000000000e+02 2.550000000000000000e+02
1.363750000000000000e+02 2.561250000000000000e+02
1.370000000000000000e+02 2.570000000000000000e+02
1.378750000000000000e+02 2.576250000000000000e+02
1.390000000000000000e+02 2.580000000000000000e+02
1.390000000000000000e+02 2.580000000000000000e+02
1.395000000000000000e+02 2.585000000000000000e+02
1.400000000000000000e+02 2.590000000000000000e+02
1.405000000000000000e+02 2.595000000000000000e+02
1.410000000000000000e+02 2.600000000000000000e+02
1.410000000000000000e+02 2.600000000000000000e+02
1.415000000000000000e+02 2.605000000000000000e+02
1.420000000000000000e+02 2.610000000000000000e+02
1.425000000000000000e+02 2.615000000000000000e+02
1.430000000000000000e+02 2.620000000000000000e+02
1.430000000000000000e+02 2.620000000000000000e+02
1.433750000000000000e+02 2.625000000000000000e+02
1.440000000000000000e+02 2.630000000000000000e+02
1.448750000000000000e+02 2.635000000000000000e+02
1.460000000000000000e+02 2.640000000000000000e+02
1.460000000000000000e+02 2.640000000000000000e+02
1.465000000000000000e+02 2.645000000000000000e+02
1.470000000000000000e+02 2.650000000000000000e+02
1.475000000000000000e+02 2.655000000000000000e+02
1.480000000000000000e+02 2.660000000000000000e+02
1.480000000000000000e+02 2.660000000000000000e+02
1.490000000000000000e+02 2.665000000000000000e+02
1.500000000000000000e+02 2.670000000000000000e+02
1.510000000000000000e+02 2.675000000000000000e+02
1.520000000000000000e+02 2.680000000000000000e+02
1.520000000000000000e+02 2.680000000000000000e+02
1.530000000000000000e+02 2.678750000000000000e+02
1.540000000000000000e+02 2.680000000000000000e+02
1.550000000000000000e+02 2.683750000000000000e+02
1.560000000000000000e+02 2.690000000000000000e+02
1.560000000000000000e+02 2.690000000000000000e+02
1.565000000000000000e+02 2.695000000000000000e+02
1.570000000000000000e+02 2.700000000000000000e+02
1.575000000000000000e+02 2.705000000000000000e+02
1.580000000000000000e+02 2.710000000000000000e+02
1.580000000000000000e+02 2.710000000000000000e+02
1.596250000000000000e+02 2.715000000000000000e+02
1.610000000000000000e+02 2.720000000000000000e+02
1.621250000000000000e+02 2.725000000000000000e+02
1.630000000000000000e+02 2.730000000000000000e+02
1.630000000000000000e+02 2.730000000000000000e+02
1.646250000000000000e+02 2.735000000000000000e+02
1.660000000000000000e+02 2.740000000000000000e+02
1.671250000000000000e+02 2.745000000000000000e+02
1.680000000000000000e+02 2.750000000000000000e+02
1.680000000000000000e+02 2.750000000000000000e+02
1.683750000000000000e+02 2.755000000000000000e+02
1.690000000000000000e+02 2.760000000000000000e+02
1.698750000000000000e+02 2.765000000000000000e+02
1.710000000000000000e+02 2.770000000000000000e+02
1.710000000000000000e+02 2.770000000000000000e+02
1.726250000000000000e+02 2.776250000000000000e+02
1.740000000000000000e+02 2.780000000000000000e+02
1.751250000000000000e+02 2.781250000000000000e+02
1.760000000000000000e+02 2.780000000000000000e+02
1.760000000000000000e+02 2.780000000000000000e+02
1.776250000000000000e+02 2.786250000000000000e+02
1.790000000000000000e+02 2.790000000000000000e+02
1.801250000000000000e+02 2.791250000000000000e+02
1.810000000000000000e+02 2.790000000000000000e+02
1.810000000000000000e+02 2.790000000000000000e+02
1.820000000000000000e+02 2.788750000000000000e+02
1.830000000000000000e+02 2.790000000000000000e+02
1.840000000000000000e+02 2.793750000000000000e+02
1.850000000000000000e+02 2.800000000000000000e+02
1.850000000000000000e+02 2.800000000000000000e+02
1.853750000000000000e+02 2.806250000000000000e+02
1.860000000000000000e+02 2.810000000000000000e+02
1.868750000000000000e+02 2.811250000000000000e+02
1.880000000000000000e+02 2.810000000000000000e+02
1.880000000000000000e+02 2.810000000000000000e+02
1.890000000000000000e+02 2.816250000000000000e+02
1.900000000000000000e+02 2.820000000000000000e+02
1.910000000000000000e+02 2.821250000000000000e+02
1.920000000000000000e+02 2.820000000000000000e+02
1.920000000000000000e+02 2.820000000000000000e+02
1.930000000000000000e+02 2.820000000000000000e+02
1.940000000000000000e+02 2.820000000000000000e+02
1.950000000000000000e+02 2.820000000000000000e+02
1.960000000000000000e+02 2.820000000000000000e+02
1.960000000000000000e+02 2.820000000000000000e+02
1.970000000000000000e+02 2.820000000000000000e+02
1.980000000000000000e+02 2.820000000000000000e+02
1.990000000000000000e+02 2.820000000000000000e+02
2.000000000000000000e+02 2.820000000000000000e+02
2.000000000000000000e+02 2.820000000000000000e+02
2.010000000000000000e+02 2.820000000000000000e+02
2.020000000000000000e+02 2.820000000000000000e+02
2.030000000000000000e+02 2.820000000000000000e+02
2.040000000000000000e+02 2.820000000000000000e+02
2.040000000000000000e+02 2.820000000000000000e+02
2.050000000000000000e+02 2.820000000000000000e+02
2.060000000000000000e+02 2.820000000000000000e+02
2.070000000000000000e+02 2.820000000000000000e+02
2.080000000000000000e+02 2.820000000000000000e+02
2.080000000000000000e+02 2.820000000000000000e+02
2.090000000000000000e+02 2.820000000000000000e+02
2.100000000000000000e+02 2.820000000000000000e+02
2.110000000000000000e+02 2.820000000000000000e+02
2.120000000000000000e+02 2.820000000000000000e+02
2.120000000000000000e+02 2.820000000000000000e+02
2.130000000000000000e+02 2.820000000000000000e+02
2.140000000000000000e+02 2.820000000000000000e+02
2.150000000000000000e+02 2.820000000000000000e+02
2.160000000000000000e+02 2.820000000000000000e+02
2.160000000000000000e+02 2.820000000000000000e+02
2.170000000000000000e+02 2.820000000000000000e+02
2.180000000000000000e+02 2.820000000000000000e+02
2.190000000000000000e+02 2.820000000000000000e+02
2.200000000000000000e+02 2.820000000000000000e+02
2.200000000000000000e+02 2.820000000000000000e+02
2.210000000000000000e+02 2.820000000000000000e+02
2.220000000000000000e+02 2.820000000000000000e+02
2.230000000000000000e+02 2.820000000000000000e+02
2.240000000000000000e+02 2.820000000000000000e+02
2.240000000000000000e+02 2.820000000000000000e+02
2.250000000000000000e+02 2.820000000000000000e+02
2.260000000000000000e+02 2.820000000000000000e+02
2.270000000000000000e+02 2.820000000000000000e+02
2.280000000000000000e+02 2.820000000000000000e+02
2.280000000000000000e+02 2.820000000000000000e+02
2.290000000000000000e+02 2.820000000000000000e+02
2.300000000000000000e+02 2.820000000000000000e+02
2.310000000000000000e+02 2.820000000000000000e+02
2.320000000000000000e+02 2.820000000000000000e+02
2.320000000000000000e+02 2.820000000000000000e+02
2.330000000000000000e+02 2.820000000000000000e+02
2.340000000000000000e+02 2.820000000000000000e+02
2.350000000000000000e+02 2.820000000000000000e+02
2.360000000000000000e+02 2.820000000000000000e+02
2.360000000000000000e+02 2.820000000000000000e+02
2.370000000000000000e+02 2.820000000000000000e+02
2.380000000000000000e+02 2.820000000000000000e+02
2.390000000000000000e+02 2.820000000000000000e+02
2.400000000000000000e+02 2.820000000000000000e+02
2.400000000000000000e+02 2.820000000000000000e+02
2.410000000000000000e+02 2.820000000000000000e+02
2.420000000000000000e+02 2.820000000000000000e+02
2.430000000000000000e+02 2.820000000000000000e+02
2.440000000000000000e+02 2.820000000000000000e+02
2.440000000000000000e+02 2.820000000000000000e+02
2.450000000000000000e+02 2.820000000000000000e+02
2.460000000000000000e+02 2.820000000000000000e+02
2.470000000000000000e+02 2.820000000000000000e+02
2.480000000000000000e+02 2.820000000000000000e+02
2.480000000000000000e+02 2.820000000000000000e+02
2.490000000000000000e+02 2.820000000000000000e+02
2.500000000000000000e+02 2.820000000000000000e+02
2.510000000000000000e+02 2.820000000000000000e+02
2.520000000000000000e+02 2.820000000000000000e+02
2.520000000000000000e+02 2.820000000000000000e+02
2.530000000000000000e+02 2.820000000000000000e+02
2.540000000000000000e+02 2.820000000000000000e+02
2.550000000000000000e+02 2.820000000000000000e+02
2.560000000000000000e+02 2.820000000000000000e+02
2.560000000000000000e+02 2.820000000000000000e+02
2.570000000000000000e+02 2.820000000000000000e+02
2.580000000000000000e+02 2.820000000000000000e+02
2.590000000000000000e+02 2.820000000000000000e+02
2.600000000000000000e+02 2.820000000000000000e+02
2.600000000000000000e+02 2.820000000000000000e+02
2.610000000000000000e+02 2.820000000000000000e+02
2.620000000000000000e+02 2.820000000000000000e+02
2.630000000000000000e+02 2.820000000000000000e+02
2.640000000000000000e+02 2.820000000000000000e+02
2.640000000000000000e+02 2.820000000000000000e+02
2.650000000000000000e+02 2.821250000000000000e+02
2.660000000000000000e+02 2.820000000000000000e+02
2.670000000000000000e+02 2.816250000000000000e+02
2.680000000000000000e+02 2.810000000000000000e+02
2.680000000000000000e+02 2.810000000000000000e+02
2.690000000000000000e+02 2.803750000000000000e+02
2.700000000000000000e+02 2.800000000000000000e+02
2.710000000000000000e+02 2.798750000000000000e+02
2.720000000000000000e+02 2.800000000000000000e+02
2.720000000000000000e+02 2.800000000000000000e+02
2.723750000000000000e+02 2.795000000000000000e+02
2.730000000000000000e+02 2.790000000000000000e+02
2.738750000000000000e+02 2.785000000000000000e+02
2.750000000000000000e+02 2.780000000000000000e+02
2.750000000000000000e+02 2.780000000000000000e+02
2.753750000000000000e+02 2.773750000000000000e+02
2.760000000000000000e+02 2.770000000000000000e+02
2.768750000000000000e+02 2.768750000000000000e+02
2.780000000000000000e+02 2.770000000000000000e+02
2.780000000000000000e+02 2.770000000000000000e+02
2.791250000000000000e+02 2.771250000000000000e+02
2.800000000000000000e+02 2.770000000000000000e+02
2.806250000000000000e+02 2.766250000000000000e+02
2.810000000000000000e+02 2.760000000000000000e+02
2.810000000000000000e+02 2.760000000000000000e+02
2.820000000000000000e+02 2.760000000000000000e+02
2.830000000000000000e+02 2.760000000000000000e+02
2.840000000000000000e+02 2.760000000000000000e+02
2.850000000000000000e+02 2.760000000000000000e+02
2.850000000000000000e+02 2.760000000000000000e+02
2.861250000000000000e+02 2.761250000000000000e+02
2.870000000000000000e+02 2.760000000000000000e+02
2.876250000000000000e+02 2.756250000000000000e+02
2.880000000000000000e+02 2.750000000000000000e+02
2.880000000000000000e+02 2.750000000000000000e+02
2.891250000000000000e+02 2.745000000000000000e+02
2.900000000000000000e+02 2.740000000000000000e+02
2.906250000000000000e+02 2.735000000000000000e+02
2.910000000000000000e+02 2.730000000000000000e+02
2.910000000000000000e+02 2.730000000000000000e+02
2.913750000000000000e+02 2.725000000000000000e+02
2.920000000000000000e+02 2.720000000000000000e+02
2.928750000000000000e+02 2.715000000000000000e+02
2.940000000000000000e+02 2.710000000000000000e+02
2.940000000000000000e+02 2.710000000000000000e+02
2.943750000000000000e+02 2.703750000000000000e+02
2.950000000000000000e+02 2.700000000000000000e+02
2.958750000000000000e+02 2.698750000000000000e+02
2.970000000000000000e+02 2.700000000000000000e+02
2.970000000000000000e+02 2.700000000000000000e+02
2.973750000000000000e+02 2.695000000000000000e+02
2.980000000000000000e+02 2.690000000000000000e+02
2.988750000000000000e+02 2.685000000000000000e+02
3.000000000000000000e+02 2.680000000000000000e+02
3.000000000000000000e+02 2.680000000000000000e+02
3.003750000000000000e+02 2.675000000000000000e+02
3.010000000000000000e+02 2.670000000000000000e+02
3.018750000000000000e+02 2.665000000000000000e+02
3.030000000000000000e+02 2.660000000000000000e+02
3.030000000000000000e+02 2.660000000000000000e+02
3.033750000000000000e+02 2.655000000000000000e+02
3.040000000000000000e+02 2.650000000000000000e+02
3.048750000000000000e+02 2.645000000000000000e+02
3.060000000000000000e+02 2.640000000000000000e+02
3.060000000000000000e+02 2.640000000000000000e+02
3.071250000000000000e+02 2.635000000000000000e+02
3.080000000000000000e+02 2.630000000000000000e+02
3.086250000000000000e+02 2.625000000000000000e+02
3.090000000000000000e+02 2.620000000000000000e+02
3.090000000000000000e+02 2.620000000000000000e+02
3.095000000000000000e+02 2.616250000000000000e+02
3.100000000000000000e+02 2.610000000000000000e+02
3.105000000000000000e+02 2.601250000000000000e+02
3.110000000000000000e+02 2.590000000000000000e+02
3.110000000000000000e+02 2.590000000000000000e+02
3.115000000000000000e+02 2.585000000000000000e+02
3.120000000000000000e+02 2.580000000000000000e+02
3.125000000000000000e+02 2.575000000000000000e+02
3.130000000000000000e+02 2.570000000000000000e+02
3.130000000000000000e+02 2.570000000000000000e+02
3.135000000000000000e+02 2.565000000000000000e+02
3.140000000000000000e+02 2.560000000000000000e+02
3.145000000000000000e+02 2.555000000000000000e+02
3.150000000000000000e+02 2.550000000000000000e+02
3.150000000000000000e+02 2.550000000000000000e+02
3.153750000000000000e+02 2.545000000000000000e+02
3.160000000000000000e+02 2.540000000000000000e+02
3.168750000000000000e+02 2.535000000000000000e+02
3.180000000000000000e+02 2.530000000000000000e+02
3.180000000000000000e+02 2.530000000000000000e+02
3.185000000000000000e+02 2.525000000000000000e+02
3.190000000000000000e+02 2.520000000000000000e+02
3.195000000000000000e+02 2.515000000000000000e+02
3.200000000000000000e+02 2.510000000000000000e+02
3.200000000000000000e+02 2.510000000000000000e+02
3.205000000000000000e+02 2.505000000000000000e+02
3.210000000000000000e+02 2.500000000000000000e+02
3.215000000000000000e+02 2.495000000000000000e+02
3.220000000000000000e+02 2.490000000000000000e+02
3.220000000000000000e+02 2.490000000000000000e+02
3.225000000000000000e+02 2.485000000000000000e+02
3.230000000000000000e+02 2.480000000000000000e+02
3.235000000000000000e+02 2.475000000000000000e+02
3.240000000000000000e+02 2.470000000000000000e+02
3.240000000000000000e+02 2.470000000000000000e+02
3.245000000000000000e+02 2.466250000000000000e+02
3.250000000000000000e+02 2.460000000000000000e+02
3.255000000000000000e+02 2.451250000000000000e+02
3.260000000000000000e+02 2.440000000000000000e+02
3.260000000000000000e+02 2.440000000000000000e+02
3.265000000000000000e+02 2.430000000000000000e+02
3.270000000000000000e+02 2.420000000000000000e+02
3.275000000000000000e+02 2.410000000000000000e+02
3.280000000000000000e+02 2.400000000000000000e+02
3.280000000000000000e+02 2.400000000000000000e+02
3.278750000000000000e+02 2.390000000000000000e+02
3.280000000000000000e+02 2.380000000000000000e+02
3.283750000000000000e+02 2.370000000000000000e+02
3.290000000000000000e+02 2.360000000000000000e+02
3.290000000000000000e+02 2.360000000000000000e+02
3.288750000000000000e+02 2.351250000000000000e+02
3.290000000000000000e+02 2.340000000000000000e+02
3.293750000000000000e+02 2.326250000000000000e+02
3.300000000000000000e+02 2.310000000000000000e+02
3.300000000000000000e+02 2.310000000000000000e+02
3.305000000000000000e+02 2.305000000000000000e+02
3.310000000000000000e+02 2.300000000000000000e+02
3.315000000000000000e+02 2.295000000000000000e+02
3.320000000000000000e+02 2.290000000000000000e+02
3.320000000000000000e+02 2.290000000000000000e+02
3.325000000000000000e+02 2.286250000000000000e+02
3.330000000000000000e+02 2.280000000000000000e+02
3.335000000000000000e+02 2.271250000000000000e+02
3.340000000000000000e+02 2.260000000000000000e+02
3.340000000000000000e+02 2.260000000000000000e+02
3.340000000000000000e+02 2.250000000000000000e+02
3.340000000000000000e+02 2.240000000000000000e+02
3.340000000000000000e+02 2.230000000000000000e+02
3.340000000000000000e+02 2.220000000000000000e+02
3.340000000000000000e+02 2.220000000000000000e+02
3.346250000000000000e+02 2.216250000000000000e+02
3.350000000000000000e+02 2.210000000000000000e+02
3.351250000000000000e+02 2.201250000000000000e+02
3.350000000000000000e+02 2.190000000000000000e+02
3.350000000000000000e+02 2.190000000000000000e+02
3.355000000000000000e+02 2.180000000000000000e+02
3.360000000000000000e+02 2.170000000000000000e+02
3.365000000000000000e+02 2.160000000000000000e+02
3.370000000000000000e+02 2.150000000000000000e+02
3.370000000000000000e+02 2.150000000000000000e+02
3.375000000000000000e+02 2.146250000000000000e+02
3.380000000000000000e+02 2.140000000000000000e+02
3.385000000000000000e+02 2.131250000000000000e+02
3.390000000000000000e+02 2.120000000000000000e+02
3.390000000000000000e+02 2.120000000000000000e+02
3.396250000000000000e+02 2.110000000000000000e+02
3.400000000000000000e+02 2.100000000000000000e+02
3.401250000000000000e+02 2.090000000000000000e+02
3.400000000000000000e+02 2.080000000000000000e+02
3.400000000000000000e+02 2.080000000000000000e+02
3.400000000000000000e+02 2.070000000000000000e+02
3.400000000000000000e+02 2.060000000000000000e+02
3.400000000000000000e+02 2.050000000000000000e+02
3.400000000000000000e+02 2.040000000000000000e+02
3.400000000000000000e+02 2.040000000000000000e+02
3.400000000000000000e+02 2.030000000000000000e+02
3.400000000000000000e+02 2.020000000000000000e+02
3.400000000000000000e+02 2.010000000000000000e+02
3.400000000000000000e+02 2.000000000000000000e+02
3.400000000000000000e+02 2.000000000000000000e+02
3.400000000000000000e+02 1.990000000000000000e+02
3.400000000000000000e+02 1.980000000000000000e+02
3.400000000000000000e+02 1.970000000000000000e+02
3.400000000000000000e+02 1.960000000000000000e+02
3.400000000000000000e+02 1.960000000000000000e+02
3.400000000000000000e+02 1.950000000000000000e+02
3.400000000000000000e+02 1.940000000000000000e+02
3.400000000000000000e+02 1.930000000000000000e+02
3.400000000000000000e+02 1.920000000000000000e+02
3.400000000000000000e+02 1.920000000000000000e+02
3.400000000000000000e+02 1.910000000000000000e+02
3.400000000000000000e+02 1.900000000000000000e+02
3.400000000000000000e+02 1.890000000000000000e+02
3.400000000000000000e+02 1.880000000000000000e+02
3.400000000000000000e+02 1.880000000000000000e+02
3.400000000000000000e+02 1.870000000000000000e+02
3.400000000000000000e+02 1.860000000000000000e+02
3.400000000000000000e+02 1.850000000000000000e+02
3.400000000000000000e+02 1.840000000000000000e+02
3.400000000000000000e+02 1.840000000000000000e+02
3.400000000000000000e+02 1.830000000000000000e+02
3.400000000000000000e+02 1.820000000000000000e+02
3.400000000000000000e+02 1.810000000000000000e+02
3.400000000000000000e+02 1.800000000000000000e+02
3.400000000000000000e+02 1.800000000000000000e+02
3.400000000000000000e+02 1.790000000000000000e+02
3.400000000000000000e+02 1.780000000000000000e+02
3.400000000000000000e+02 1.770000000000000000e+02
3.400000000000000000e+02 1.760000000000000000e+02
3.400000000000000000e+02 1.760000000000000000e+02
3.400000000000000000e+02 1.750000000000000000e+02
3.400000000000000000e+02 1.740000000000000000e+02
3.400000000000000000e+02 1.730000000000000000e+02
3.400000000000000000e+02 1.720000000000000000e+02
3.400000000000000000e+02 1.720000000000000000e+02
3.400000000000000000e+02 1.710000000000000000e+02
3.400000000000000000e+02 1.700000000000000000e+02
3.400000000000000000e+02 1.690000000000000000e+02
3.400000000000000000e+02 1.680000000000000000e+02
3.400000000000000000e+02 1.680000000000000000e+02
3.400000000000000000e+02 1.670000000000000000e+02
3.400000000000000000e+02 1.660000000000000000e+02
3.400000000000000000e+02 1.650000000000000000e+02
3.400000000000000000e+02 1.640000000000000000e+02
3.400000000000000000e+02 1.640000000000000000e+02
3.400000000000000000e+02 1.630000000000000000e+02
3.400000000000000000e+02 1.620000000000000000e+02
3.400000000000000000e+02 1.610000000000000000e+02
3.400000000000000000e+02 1.600000000000000000e+02
3.400000000000000000e+02 1.600000000000000000e+02
3.401250000000000000e+02 1.588750000000000000e+02
3.400000000000000000e+02 1.580000000000000000e+02
3.396250000000000000e+02 1.573750000000000000e+02
3.390000000000000000e+02 1.570000000000000000e+02
3.390000000000000000e+02 1.570000000000000000e+02
3.385000000000000000e+02 1.560000000000000000e+02
3.380000000000000000e+02 1.550000000000000000e+02
3.375000000000000000e+02 1.540000000000000000e+02
3.370000000000000000e+02 1.530000000000000000e+02
3.370000000000000000e+02 1.530000000000000000e+02
3.370000000000000000e+02 1.520000000000000000e+02
3.370000000000000000e+02 1.510000000000000000e+02
3.370000000000000000e+02 1.500000000000000000e+02
3.370000000000000000e+02 1.490000000000000000e+02
3.370000000000000000e+02 1.490000000000000000e+02
3.371250000000000000e+02 1.480000000000000000e+02
3.370000000000000000e+02 1.470000000000000000e+02
3.366250000000000000e+02 1.460000000000000000e+02
3.360000000000000000e+02 1.450000000000000000e+02
3.360000000000000000e+02 1.450000000000000000e+02
3.355000000000000000e+02 1.445000000000000000e+02
3.350000000000000000e+02 1.440000000000000000e+02
3.345000000000000000e+02 1.435000000000000000e+02
3.340000000000000000e+02 1.430000000000000000e+02
3.340000000000000000e+02 1.430000000000000000e+02
3.335000000000000000e+02 1.420000000000000000e+02
3.330000000000000000e+02 1.410000000000000000e+02
3.325000000000000000e+02 1.400000000000000000e+02
3.320000000000000000e+02 1.390000000000000000e+02
3.320000000000000000e+02 1.390000000000000000e+02
3.321250000000000000e+02 1.378750000000000000e+02
3.320000000000000000e+02 1.370000000000000000e+02
3.316250000000000000e+02 1.363750000000000000e+02
3.310000000000000000e+02 1.360000000000000000e+02
3.310000000000000000e+02 1.360000000000000000e+02
3.310000000000000000e+02 1.350000000000000000e+02
3.310000000000000000e+02 1.340000000000000000e+02
3.310000000000000000e+02 1.330000000000000000e+02
3.310000000000000000e+02 1.320000000000000000e+02
3.310000000000000000e+02 1.320000000000000000e+02
3.311250000000000000e+02 1.311250000000000000e+02
3.310000000000000000e+02 1.300000000000000000e+02
3.306250000000000000e+02 1.286250000000000000e+02
3.300000000000000000e+02 1.270000000000000000e+02
3.300000000000000000e+02 1.270000000000000000e+02
3.295000000000000000e+02 1.265000000000000000e+02
3.290000000000000000e+02 1.260000000000000000e+02
3.285000000000000000e+02 1.255000000000000000e+02
3.280000000000000000e+02 1.250000000000000000e+02
3.280000000000000000e+02 1.250000000000000000e+02
3.275000000000000000e+02 1.245000000000000000e+02
3.270000000000000000e+02 1.240000000000000000e+02
3.265000000000000000e+02 1.235000000000000000e+02
3.260000000000000000e+02 1.230000000000000000e+02
3.260000000000000000e+02 1.230000000000000000e+02
3.255000000000000000e+02 1.225000000000000000e+02
3.250000000000000000e+02 1.220000000000000000e+02
3.245000000000000000e+02 1.215000000000000000e+02
3.240000000000000000e+02 1.210000000000000000e+02
3.240000000000000000e+02 1.210000000000000000e+02
3.235000000000000000e+02 1.205000000000000000e+02
3.230000000000000000e+02 1.200000000000000000e+02
3.225000000000000000e+02 1.195000000000000000e+02
3.220000000000000000e+02 1.190000000000000000e+02
3.220000000000000000e+02 1.190000000000000000e+02
3.215000000000000000e+02 1.178750000000000000e+02
3.210000000000000000e+02 1.170000000000000000e+02
3.205000000000000000e+02 1.163750000000000000e+02
3.200000000000000000e+02 1.160000000000000000e+02
3.200000000000000000e+02 1.160000000000000000e+02
3.196250000000000000e+02 1.155000000000000000e+02
3.190000000000000000e+02 1.150000000000000000e+02
3.181250000000000000e+02 1.145000000000000000e+02
3.170000000000000000e+02 1.140000000000000000e+02
3.170000000000000000e+02 1.140000000000000000e+02
3.165000000000000000e+02 1.128750000000000000e+02
3.160000000000000000e+02 1.120000000000000000e+02
3.155000000000000000e+02 1.113750000000000000e+02
3.150000000000000000e+02 1.110000000000000000e+02
3.150000000000000000e+02 1.110000000000000000e+02
3.145000000000000000e+02 1.105000000000000000e+02
3.140000000000000000e+02 1.100000000000000000e+02
3.135000000000000000e+02 1.095000000000000000e+02
3.130000000000000000e+02 1.090000000000000000e+02
3.130000000000000000e+02 1.090000000000000000e+02
3.125000000000000000e+02 1.078750000000000000e+02
3.120000000000000000e+02 1.070000000000000000e+02
3.115000000000000000e+02 1.063750000000000000e+02
3.110000000000000000e+02 1.060000000000000000e+02
3.110000000000000000e+02 1.060000000000000000e+02
3.105000000000000000e+02 1.048750000000000000e+02
3.100000000000000000e+02 1.040000000000000000e+02
3.095000000000000000e+02 1.033750000000000000e+02
3.090000000000000000e+02 1.030000000000000000e+02
3.090000000000000000e+02 1.030000000000000000e+02
3.085000000000000000e+02 1.026250000000000000e+02
3.080000000000000000e+02 1.020000000000000000e+02
3.075000000000000000e+02 1.011250000000000000e+02
3.070000000000000000e+02 1.000000000000000000e+02
3.070000000000000000e+02 1.000000000000000000e+02
3.065000000000000000e+02 9.950000000000000000e+01
3.060000000000000000e+02 9.900000000000000000e+01
3.055000000000000000e+02 9.850000000000000000e+01
3.050000000000000000e+02 9.800000000000000000e+01
3.050000000000000000e+02 9.800000000000000000e+01
3.045000000000000000e+02 9.750000000000000000e+01
3.040000000000000000e+02 9.700000000000000000e+01
3.035000000000000000e+02 9.650000000000000000e+01
3.030000000000000000e+02 9.600000000000000000e+01
3.030000000000000000e+02 9.600000000000000000e+01
3.025000000000000000e+02 9.550000000000000000e+01
3.020000000000000000e+02 9.500000000000000000e+01
3.015000000000000000e+02 9.450000000000000000e+01
3.010000000000000000e+02 9.400000000000000000e+01
3.010000000000000000e+02 9.400000000000000000e+01
3.005000000000000000e+02 9.350000000000000000e+01
3.000000000000000000e+02 9.300000000000000000e+01
2.995000000000000000e+02 9.250000000000000000e+01
2.990000000000000000e+02 9.200000000000000000e+01
2.990000000000000000e+02 9.200000000000000000e+01
2.985000000000000000e+02 9.150000000000000000e+01
2.980000000000000000e+02 9.100000000000000000e+01
2.975000000000000000e+02 9.050000000000000000e+01
2.970000000000000000e+02 9.000000000000000000e+01
2.970000000000000000e+02 9.000000000000000000e+01
2.965000000000000000e+02 8.950000000000000000e+01
2.960000000000000000e+02 8.900000000000000000e+01
2.955000000000000000e+02 8.850000000000000000e+01
2.950000000000000000e+02 8.800000000000000000e+01
2.950000000000000000e+02 8.800000000000000000e+01
2.945000000000000000e+02 8.750000000000000000e+01
2.940000000000000000e+02 8.700000000000000000e+01
2.935000000000000000e+02 8.650000000000000000e+01
2.930000000000000000e+02 8.600000000000000000e+01
2.930000000000000000e+02 8.600000000000000000e+01
2.925000000000000000e+02 8.550000000000000000e+01
2.920000000000000000e+02 8.500000000000000000e+01
2.915000000000000000e+02 8.450000000000000000e+01
2.910000000000000000e+02 8.400000000000000000e+01
2.910000000000000000e+02 8.400000000000000000e+01
2.905000000000000000e+02 8.350000000000000000e+01
2.900000000000000000e+02 8.300000000000000000e+01
2.895000000000000000e+02 8.250000000000000000e+01
2.890000000000000000e+02 8.200000000000000000e+01
2.890000000000000000e+02 8.200000000000000000e+01
2.885000000000000000e+02 8.150000000000000000e+01
2.880000000000000000e+02 8.100000000000000000e+01
2.875000000000000000e+02 8.050000000000000000e+01
2.870000000000000000e+02 8.000000000000000000e+01
2.870000000000000000e+02 8.000000000000000000e+01
2.866250000000000000e+02 7.950000000000000000e+01
2.860000000000000000e+02 7.900000000000000000e+01
2.851250000000000000e+02 7.850000000000000000e+01
2.840000000000000000e+02 7.800000000000000000e+01
2.840000000000000000e+02 7.800000000000000000e+01
2.836250000000000000e+02 7.750000000000000000e+01
2.830000000000000000e+02 7.700000000000000000e+01
2.821250000000000000e+02 7.650000000000000000e+01
2.810000000000000000e+02 7.600000000000000000e+01
2.810000000000000000e+02 7.600000000000000000e+01
2.798750000000000000e+02 7.612500000000000000e+01
2.790000000000000000e+02 7.600000000000000000e+01
2.783750000000000000e+02 7.562500000000000000e+01
2.780000000000000000e+02 7.500000000000000000e+01
2.780000000000000000e+02 7.500000000000000000e+01
2.770000000000000000e+02 7.500000000000000000e+01
2.760000000000000000e+02 7.500000000000000000e+01
2.750000000000000000e+02 7.500000000000000000e+01
2.740000000000000000e+02 7.500000000000000000e+01
2.740000000000000000e+02 7.500000000000000000e+01
2.730000000000000000e+02 7.500000000000000000e+01
2.720000000000000000e+02 7.500000000000000000e+01
2.710000000000000000e+02 7.500000000000000000e+01
2.700000000000000000e+02 7.500000000000000000e+01
2.700000000000000000e+02 7.500000000000000000e+01
2.691250000000000000e+02 7.512500000000000000e+01
2.680000000000000000e+02 7.500000000000000000e+01
2.666250000000000000e+02 7.462500000000000000e+01
2.650000000000000000e+02 7.400000000000000000e+01
2.650000000000000000e+02 7.400000000000000000e+01
2.638750000000000000e+02 7.350000000000000000e+01
2.630000000000000000e+02 7.300000000000000000e+01
2.623750000000000000e+02 7.250000000000000000e+01
2.620000000000000000e+02 7.200000000000000000e+01
2.620000000000000000e+02 7.200000000000000000e+01
2.610000000000000000e+02 7.200000000000000000e+01
2.600000000000000000e+02 7.200000000000000000e+01
2.590000000000000000e+02 7.200000000000000000e+01
2.580000000000000000e+02 7.200000000000000000e+01
2.580000000000000000e+02 7.200000000000000000e+01
2.570000000000000000e+02 7.150000000000000000e+01
2.560000000000000000e+02 7.100000000000000000e+01
2.550000000000000000e+02 7.050000000000000000e+01
2.540000000000000000e+02 7.000000000000000000e+01
2.540000000000000000e+02 7.000000000000000000e+01
2.528750000000000000e+02 6.950000000000000000e+01
2.520000000000000000e+02 6.900000000000000000e+01
2.513750000000000000e+02 6.850000000000000000e+01
2.510000000000000000e+02 6.800000000000000000e+01
2.510000000000000000e+02 6.800000000000000000e+01
2.506250000000000000e+02 6.737500000000000000e+01
2.500000000000000000e+02 6.700000000000000000e+01
2.491250000000000000e+02 6.687500000000000000e+01
2.480000000000000000e+02 6.700000000000000000e+01
2.480000000000000000e+02 6.700000000000000000e+01
2.470000000000000000e+02 6.700000000000000000e+01
2.460000000000000000e+02 6.700000000000000000e+01
2.450000000000000000e+02 6.700000000000000000e+01
2.440000000000000000e+02 6.700000000000000000e+01
2.440000000000000000e+02 6.700000000000000000e+01
2.437500000000000000e+02 6.650000000000000000e+01
2.430000000000000000e+02 6.600000000000000000e+01
2.417500000000000000e+02 6.550000000000000000e+01
2.400000000000000000e+02 6.500000000000000000e+01
2.400000000000000000e+02 6.500000000000000000e+01
2.390000000000000000e+02 6.500000000000000000e+01
2.380000000000000000e+02 6.500000000000000000e+01
2.370000000000000000e+02 6.500000000000000000e+01
2.360000000000000000e+02 6.500000000000000000e+01
2.360000000000000000e+02 6.500000000000000000e+01
2.348750000000000000e+02 6.512500000000000000e+01
2.340000000000000000e+02 6.500000000000000000e+01
2.333750000000000000e+02 6.462500000000000000e+01
2.330000000000000000e+02 6.400000000000000000e+01
2.330000000000000000e+02 6.400000000000000000e+01
2.320000000000000000e+02 6.400000000000000000e+01
2.310000000000000000e+02 6.400000000000000000e+01
2.300000000000000000e+02 6.400000000000000000e+01
2.290000000000000000e+02 6.400000000000000000e+01
2.290000000000000000e+02 6.400000000000000000e+01
2.272500000000000000e+02 6.350000000000000000e+01
2.260000000000000000e+02 6.300000000000000000e+01
2.252500000000000000e+02 6.250000000000000000e+01
2.250000000000000000e+02 6.200000000000000000e+01
2.250000000000000000e+02 6.200000000000000000e+01
2.240000000000000000e+02 6.200000000000000000e+01
2.230000000000000000e+02 6.200000000000000000e+01
2.220000000000000000e+02 6.200000000000000000e+01
2.210000000000000000e+02 6.200000000000000000e+01
2.210000000000000000e+02 6.200000000000000000e+01
2.200000000000000000e+02 6.200000000000000000e+01
2.190000000000000000e+02 6.200000000000000000e+01
2.180000000000000000e+02 6.200000000000000000e+01
2.170000000000000000e+02 6.200000000000000000e+01
2.170000000000000000e+02 6.200000000000000000e+01
2.160000000000000000e+02 6.200000000000000000e+01
2.150000000000000000e+02 6.200000000000000000e+01
2.140000000000000000e+02 6.200000000000000000e+01
2.130000000000000000e+02 6.200000000000000000e+01
2.130000000000000000e+02 6.200000000000000000e+01
2.113750000000000000e+02 6.137500000000000000e+01
2.100000000000000000e+02 6.100000000000000000e+01
2.088750000000000000e+02 6.087500000000000000e+01
2.080000000000000000e+02 6.100000000000000000e+01
2.080000000000000000e+02 6.100000000000000000e+01
2.070000000000000000e+02 6.100000000000000000e+01
2.060000000000000000e+02 6.100000000000000000e+01
2.050000000000000000e+02 6.100000000000000000e+01
2.040000000000000000e+02 6.100000000000000000e+01
2.040000000000000000e+02 6.100000000000000000e+01
2.030000000000000000e+02 6.100000000000000000e+01
2.020000000000000000e+02 6.100000000000000000e+01
2.010000000000000000e+02 6.100000000000000000e+01
2.000000000000000000e+02 6.100000000000000000e+01
2.000000000000000000e+02 6.100000000000000000e+01
1.990000000000000000e+02 6.100000000000000000e+01
1.980000000000000000e+02 6.100000000000000000e+01
1.970000000000000000e+02 6.100000000000000000e+01
1.960000000000000000e+02 6.100000000000000000e+01
1.960000000000000000e+02 6.100000000000000000e+01
1.950000000000000000e+02 6.100000000000000000e+01
1.940000000000000000e+02 6.100000000000000000e+01
1.930000000000000000e+02 6.100000000000000000e+01
1.920000000000000000e+02 6.100000000000000000e+01
1.920000000000000000e+02 6.100000000000000000e+01
1.910000000000000000e+02 6.100000000000000000e+01
1.900000000000000000e+02 6.100000000000000000e+01
1.890000000000000000e+02 6.100000000000000000e+01
1.880000000000000000e+02 6.100000000000000000e+01
1.880000000000000000e+02 6.100000000000000000e+01
1.870000000000000000e+02 6.100000000000000000e+01
1.860000000000000000e+02 6.100000000000000000e+01
1.850000000000000000e+02 6.100000000000000000e+01
1.840000000000000000e+02 6.100000000000000000e+01
1.840000000000000000e+02 6.100000000000000000e+01
1.830000000000000000e+02 6.100000000000000000e+01
1.820000000000000000e+02 6.100000000000000000e+01
1.810000000000000000e+02 6.100000000000000000e+01
1.800000000000000000e+02 6.100000000000000000e+01
1.800000000000000000e+02 6.100000000000000000e+01
1.790000000000000000e+02 6.100000000000000000e+01
1.780000000000000000e+02 6.100000000000000000e+01
1.770000000000000000e+02 6.100000000000000000e+01
1.760000000000000000e+02 6.100000000000000000e+01
1.760000000000000000e+02 6.100000000000000000e+01
1.750000000000000000e+02 6.100000000000000000e+01
1.740000000000000000e+02 6.100000000000000000e+01
1.730000000000000000e+02 6.100000000000000000e+01
1.720000000000000000e+02 6.100000000000000000e+01
1.720000000000000000e+02 6.100000000000000000e+01
1.710000000000000000e+02 6.100000000000000000e+01
1.700000000000000000e+02 6.100000000000000000e+01
1.690000000000000000e+02 6.100000000000000000e+01
1.680000000000000000e+02 6.100000000000000000e+01
1.680000000000000000e+02 6.100000000000000000e+01
1.670000000000000000e+02 6.100000000000000000e+01
1.660000000000000000e+02 6.100000000000000000e+01
1.650000000000000000e+02 6.100000000000000000e+01
1.640000000000000000e+02 6.100000000000000000e+01
1.640000000000000000e+02 6.100000000000000000e+01
1.628750000000000000e+02 6.087500000000000000e+01
1.620000000000000000e+02 6.100000000000000000e+01
1.613750000000000000e+02 6.137500000000000000e+01
1.610000000000000000e+02 6.200000000000000000e+01
1.610000000000000000e+02 6.200000000000000000e+01
1.598750000000000000e+02 6.187500000000000000e+01
1.590000000000000000e+02 6.200000000000000000e+01
1.583750000000000000e+02 6.237500000000000000e+01
1.580000000000000000e+02 6.300000000000000000e+01
1.580000000000000000e+02 6.300000000000000000e+01
1.570000000000000000e+02 6.362500000000000000e+01
1.560000000000000000e+02 6.400000000000000000e+01
1.550000000000000000e+02 6.412500000000000000e+01
1.540000000000000000e+02 6.400000000000000000e+01
1.540000000000000000e+02 6.400000000000000000e+01
1.528750000000000000e+02 6.387500000000000000e+01
1.520000000000000000e+02 6.400000000000000000e+01
1.513750000000000000e+02 6.437500000000000000e+01
1.510000000000000000e+02 6.500000000000000000e+01
1.510000000000000000e+02 6.500000000000000000e+01
1.500000000000000000e+02 6.500000000000000000e+01
1.490000000000000000e+02 6.500000000000000000e+01
1.480000000000000000e+02 6.500000000000000000e+01
1.470000000000000000e+02 6.500000000000000000e+01
1.470000000000000000e+02 6.500000000000000000e+01
1.466250000000000000e+02 6.562500000000000000e+01
1.460000000000000000e+02 6.600000000000000000e+01
1.451250000000000000e+02 6.612500000000000000e+01
1.440000000000000000e+02 6.600000000000000000e+01
1.440000000000000000e+02 6.600000000000000000e+01
1.423750000000000000e+02 6.662500000000000000e+01
1.410000000000000000e+02 6.700000000000000000e+01
1.398750000000000000e+02 6.712500000000000000e+01
1.390000000000000000e+02 6.700000000000000000e+01
1.390000000000000000e+02 6.700000000000000000e+01
1.378750000000000000e+02 6.687500000000000000e+01
1.370000000000000000e+02 6.700000000000000000e+01
1.363750000000000000e+02 6.737500000000000000e+01
1.360000000000000000e+02 6.800000000000000000e+01
1.360000000000000000e+02 6.800000000000000000e+01
1.350000000000000000e+02 6.800000000000000000e+01
1.340000000000000000e+02 6.800000000000000000e+01
1.330000000000000000e+02 6.800000000000000000e+01
1.320000000000000000e+02 6.800000000000000000e+01
1.320000000000000000e+02 6.800000000000000000e+01
1.308750000000000000e+02 6.787500000000000000e+01
1.300000000000000000e+02 6.800000000000000000e+01
1.293750000000000000e+02 6.837500000000000000e+01
1.290000000000000000e+02 6.900000000000000000e+01
1.290000000000000000e+02 6.900000000000000000e+01
1.285000000000000000e+02 6.950000000000000000e+01
1.280000000000000000e+02 7.000000000000000000e+01
1.275000000000000000e+02 7.050000000000000000e+01
1.270000000000000000e+02 7.100000000000000000e+01
1.270000000000000000e+02 7.100000000000000000e+01
1.266250000000000000e+02 7.150000000000000000e+01
1.260000000000000000e+02 7.200000000000000000e+01
1.251250000000000000e+02 7.250000000000000000e+01
1.240000000000000000e+02 7.300000000000000000e+01
1.240000000000000000e+02 7.300000000000000000e+01
1.230000000000000000e+02 7.362500000000000000e+01
1.220000000000000000e+02 7.400000000000000000e+01
1.210000000000000000e+02 7.412500000000000000e+01
1.200000000000000000e+02 7.400000000000000000e+01
1.200000000000000000e+02 7.400000000000000000e+01
1.195000000000000000e+02 7.450000000000000000e+01
1.190000000000000000e+02 7.500000000000000000e+01
1.185000000000000000e+02 7.550000000000000000e+01
1.180000000000000000e+02 7.600000000000000000e+01
1.180000000000000000e+02 7.600000000000000000e+01
1.175000000000000000e+02 7.650000000000000000e+01
1.170000000000000000e+02 7.700000000000000000e+01
1.165000000000000000e+02 7.750000000000000000e+01
1.160000000000000000e+02 7.800000000000000000e+01
1.160000000000000000e+02 7.800000000000000000e+01
1.155000000000000000e+02 7.850000000000000000e+01
1.150000000000000000e+02 7.900000000000000000e+01
1.145000000000000000e+02 7.950000000000000000e+01
1.140000000000000000e+02 8.000000000000000000e+01
1.140000000000000000e+02 8.000000000000000000e+01
1.135000000000000000e+02 8.050000000000000000e+01
1.130000000000000000e+02 8.100000000000000000e+01
1.125000000000000000e+02 8.150000000000000000e+01
1.120000000000000000e+02 8.200000000000000000e+01
1.120000000000000000e+02 8.200000000000000000e+01
1.116250000000000000e+02 8.262500000000000000e+01
1.110000000000000000e+02 8.300000000000000000e+01
1.101250000000000000e+02 8.312500000000000000e+01
1.090000000000000000e+02 8.300000000000000000e+01
1.090000000000000000e+02 8.300000000000000000e+01
1.086250000000000000e+02 8.350000000000000000e+01
1.080000000000000000e+02 8.400000000000000000e+01
1.071250000000000000e+02 8.450000000000000000e+01
1.060000000000000000e+02 8.500000000000000000e+01
1.060000000000000000e+02 8.500000000000000000e+01
1.055000000000000000e+02 8.550000000000000000e+01
1.050000000000000000e+02 8.600000000000000000e+01
1.045000000000000000e+02 8.650000000000000000e+01
1.040000000000000000e+02 8.700000000000000000e+01
1.040000000000000000e+02 8.700000000000000000e+01
1.036250000000000000e+02 8.750000000000000000e+01
1.030000000000000000e+02 8.800000000000000000e+01
1.021250000000000000e+02 8.850000000000000000e+01
1.010000000000000000e+02 8.900000000000000000e+01
1.010000000000000000e+02 8.900000000000000000e+01
9.987500000000000000e+01 8.887500000000000000e+01
9.900000000000000000e+01 8.900000000000000000e+01
9.837500000000000000e+01 8.937500000000000000e+01
9.800000000000000000e+01 9.000000000000000000e+01
9.800000000000000000e+01 9.000000000000000000e+01
9.750000000000000000e+01 9.050000000000000000e+01
9.700000000000000000e+01 9.100000000000000000e+01
9.650000000000000000e+01 9.150000000000000000e+01
9.600000000000000000e+01 9.200000000000000000e+01
9.600000000000000000e+01 9.200000000000000000e+01
9.550000000000000000e+01 9.250000000000000000e+01
9.500000000000000000e+01 9.300000000000000000e+01
9.450000000000000000e+01 9.350000000000000000e+01
9.400000000000000000e+01 9.400000000000000000e+01
9.400000000000000000e+01 9.400000000000000000e+01
9.287500000000000000e+01 9.437500000000000000e+01
9.200000000000000000e+01 9.500000000000000000e+01
9.137500000000000000e+01 9.587500000000000000e+01
9.100000000000000000e+01 9.700000000000000000e+01
9.100000000000000000e+01 9.700000000000000000e+01
9.000000000000000000e+01 9.687500000000000000e+01
8.900000000000000000e+01 9.700000000000000000e+01
8.800000000000000000e+01 9.737500000000000000e+01
8.700000000000000000e+01 9.800000000000000000e+01
8.700000000000000000e+01 9.800000000000000000e+01
8.650000000000000000e+01 9.850000000000000000e+01
8.600000000000000000e+01 9.900000000000000000e+01
8.550000000000000000e+01 9.950000000000000000e+01
8.500000000000000000e+01 1.000000000000000000e+02
8.500000000000000000e+01 1.000000000000000000e+02
8.450000000000000000e+01 1.005000000000000000e+02
8.400000000000000000e+01 1.010000000000000000e+02
8.350000000000000000e+01 1.015000000000000000e+02
8.300000000000000000e+01 1.020000000000000000e+02
8.300000000000000000e+01 1.020000000000000000e+02
8.250000000000000000e+01 1.025000000000000000e+02
8.200000000000000000e+01 1.030000000000000000e+02
8.150000000000000000e+01 1.035000000000000000e+02
8.100000000000000000e+01 1.040000000000000000e+02
8.100000000000000000e+01 1.040000000000000000e+02
8.050000000000000000e+01 1.045000000000000000e+02
8.000000000000000000e+01 1.050000000000000000e+02
7.950000000000000000e+01 1.055000000000000000e+02
7.900000000000000000e+01 1.060000000000000000e+02
7.900000000000000000e+01 1.060000000000000000e+02
7.850000000000000000e+01 1.065000000000000000e+02
7.800000000000000000e+01 1.070000000000000000e+02
7.750000000000000000e+01 1.075000000000000000e+02
7.700000000000000000e+01 1.080000000000000000e+02
7.700000000000000000e+01 1.080000000000000000e+02
7.712500000000000000e+01 1.091250000000000000e+02
7.700000000000000000e+01 1.100000000000000000e+02
7.662500000000000000e+01 1.106250000000000000e+02
7.600000000000000000e+01 1.110000000000000000e+02
7.600000000000000000e+01 1.110000000000000000e+02
7.550000000000000000e+01 1.121250000000000000e+02
7.500000000000000000e+01 1.130000000000000000e+02
7.450000000000000000e+01 1.136250000000000000e+02
7.400000000000000000e+01 1.140000000000000000e+02
7.400000000000000000e+01 1.140000000000000000e+02
7.412500000000000000e+01 1.151250000000000000e+02
7.400000000000000000e+01 1.160000000000000000e+02
7.362500000000000000e+01 1.166250000000000000e+02
7.300000000000000000e+01 1.170000000000000000e+02
7.300000000000000000e+01 1.170000000000000000e+02
7.237500000000000000e+01 1.173750000000000000e+02
7.200000000000000000e+01 1.180000000000000000e+02
7.187500000000000000e+01 1.188750000000000000e+02
7.200000000000000000e+01 1.200000000000000000e+02
7.200000000000000000e+01 1.200000000000000000e+02
7.150000000000000000e+01 1.203750000000000000e+02
7.100000000000000000e+01 1.210000000000000000e+02
7.050000000000000000e+01 1.218750000000000000e+02
7.000000000000000000e+01 1.230000000000000000e+02
7.000000000000000000e+01 1.230000000000000000e+02
6.950000000000000000e+01 1.233750000000000000e+02
6.900000000000000000e+01 1.240000000000000000e+02
6.850000000000000000e+01 1.248750000000000000e+02
6.800000000000000000e+01 1.260000000000000000e+02
6.800000000000000000e+01 1.260000000000000000e+02
6.737500000000000000e+01 1.263750000000000000e+02
6.700000000000000000e+01 1.270000000000000000e+02
6.687500000000000000e+01 1.278750000000000000e+02
6.700000000000000000e+01 1.290000000000000000e+02
6.700000000000000000e+01 1.290000000000000000e+02
6.712500000000000000e+01 1.301250000000000000e+02
6.700000000000000000e+01 1.310000000000000000e+02
6.662500000000000000e+01 1.316250000000000000e+02
6.600000000000000000e+01 1.320000000000000000e+02
6.600000000000000000e+01 1.320000000000000000e+02
6.550000000000000000e+01 1.331250000000000000e+02
6.500000000000000000e+01 1.340000000000000000e+02
6.450000000000000000e+01 1.346250000000000000e+02
6.400000000000000000e+01 1.350000000000000000e+02
6.400000000000000000e+01 1.350000000000000000e+02
6.412500000000000000e+01 1.360000000000000000e+02
6.400000000000000000e+01 1.370000000000000000e+02
6.362500000000000000e+01 1.380000000000000000e+02
6.300000000000000000e+01 1.390000000000000000e+02
6.300000000000000000e+01 1.390000000000000000e+02
6.312500000000000000e+01 1.401250000000000000e+02
6.300000000000000000e+01 1.410000000000000000e+02
6.262500000000000000e+01 1.416250000000000000e+02
6.200000000000000000e+01 1.420000000000000000e+02
6.200000000000000000e+01 1.420000000000000000e+02
6.212500000000000000e+01 1.430000000000000000e+02
6.200000000000000000e+01 1.440000000000000000e+02
6.162500000000000000e+01 1.450000000000000000e+02
6.100000000000000000e+01 1.460000000000000000e+02
6.100000000000000000e+01 1.460000000000000000e+02
6.050000000000000000e+01 1.471250000000000000e+02
6.000000000000000000e+01 1.480000000000000000e+02
5.950000000000000000e+01 1.486250000000000000e+02
5.900000000000000000e+01 1.490000000000000000e+02
5.900000000000000000e+01 1.490000000000000000e+02
5.850000000000000000e+01 1.501250000000000000e+02
5.800000000000000000e+01 1.510000000000000000e+02
5.750000000000000000e+01 1.516250000000000000e+02
5.700000000000000000e+01 1.520000000000000000e+02
5.700000000000000000e+01 1.520000000000000000e+02
5.650000000000000000e+01 1.525000000000000000e+02
5.600000000000000000e+01 1.530000000000000000e+02
5.550000000000000000e+01 1.535000000000000000e+02
5.500000000000000000e+01 1.540000000000000000e+02
5.500000000000000000e+01 1.540000000000000000e+02
5.450000000000000000e+01 1.543750000000000000e+02
5.400000000000000000e+01 1.550000000000000000e+02
5.350000000000000000e+01 1.558750000000000000e+02
5.300000000000000000e+01 1.570000000000000000e+02
5.300000000000000000e+01 1.570000000000000000e+02
5.250000000000000000e+01 1.575000000000000000e+02
5.200000000000000000e+01 1.580000000000000000e+02
5.150000000000000000e+01 1.585000000000000000e+02
5.100000000000000000e+01 1.590000000000000000e+02
5.100000000000000000e+01 1.590000000000000000e+02
5.112500000000000000e+01 1.600000000000000000e+02
5.100000000000000000e+01 1.610000000000000000e+02
5.062500000000000000e+01 1.620000000000000000e+02
5.000000000000000000e+01 1.630000000000000000e+02
5.000000000000000000e+01 1.630000000000000000e+02
4.950000000000000000e+01 1.633750000000000000e+02
4.900000000000000000e+01 1.640000000000000000e+02
4.850000000000000000e+01 1.648750000000000000e+02
4.800000000000000000e+01 1.660000000000000000e+02
4.800000000000000000e+01 1.660000000000000000e+02
4.812500000000000000e+01 1.671250000000000000e+02
4.800000000000000000e+01 1.680000000000000000e+02
4.762500000000000000e+01 1.686250000000000000e+02
4.700000000000000000e+01 1.690000000000000000e+02
4.700000000000000000e+01 1.690000000000000000e+02
4.700000000000000000e+01 1.700000000000000000e+02
4.700000000000000000e+01 1.710000000000000000e+02
4.700000000000000000e+01 1.720000000000000000e+02
4.700000000000000000e+01 1.730000000000000000e+02
4.700000000000000000e+01 1.730000000000000000e+02
4.637500000000000000e+01 1.733750000000000000e+02
4.600000000000000000e+01 1.740000000000000000e+02
4.587500000000000000e+01 1.748750000000000000e+02
4.600000000000000000e+01 1.760000000000000000e+02
4.600000000000000000e+01 1.760000000000000000e+02
4.600000000000000000e+01 1.770000000000000000e+02
4.600000000000000000e+01 1.780000000000000000e+02
4.600000000000000000e+01 1.790000000000000000e+02
4.600000000000000000e+01 1.800000000000000000e+02
4.600000000000000000e+01 1.800000000000000000e+02
4.550000000000000000e+01 1.805000000000000000e+02
4.500000000000000000e+01 1.810000000000000000e+02
4.450000000000000000e+01 1.815000000000000000e+02
4.400000000000000000e+01 1.820000000000000000e+02
4.400000000000000000e+01 1.820000000000000000e+02
4.412500000000000000e+01 1.830000000000000000e+02
4.400000000000000000e+01 1.840000000000000000e+02
4.362500000000000000e+01 1.850000000000000000e+02
4.300000000000000000e+01 1.860000000000000000e+02
4.300000000000000000e+01 1.860000000000000000e+02
4.300000000000000000e+01 1.870000000000000000e+02
4.300000000000000000e+01 1.880000000000000000e+02
4.300000000000000000e+01 1.890000000000000000e+02
4.300000000000000000e+01 1.900000000000000000e+02
4.300000000000000000e+01 1.900000000000000000e+02
4.300000000000000000e+01 1.910000000000000000e+02
4.300000000000000000e+01 1.920000000000000000e+02
4.300000000000000000e+01 1.930000000000000000e+02
4.300000000000000000e+01 1.940000000000000000e+02
4.300000000000000000e+01 1.940000000000000000e+02
4.300000000000000000e+01 1.950000000000000000e+02
4.300000000000000000e+01 1.960000000000000000e+02
4.300000000000000000e+01 1.970000000000000000e+02
4.300000000000000000e+01 1.980000000000000000e+02
4.300000000000000000e+01 1.980000000000000000e+02
4.312500000000000000e+01 1.991250000000000000e+02
4.300000000000000000e+01 2.000000000000000000e+02
4.262500000000000000e+01 2.006250000000000000e+02
4.200000000000000000e+01 2.010000000000000000e+02
4.200000000000000000e+01 2.010000000000000000e+02
4.200000000000000000e+01 2.020000000000000000e+02
4.200000000000000000e+01 2.030000000000000000e+02
4.200000000000000000e+01 2.040000000000000000e+02
4.200000000000000000e+01 2.050000000000000000e+02
4.200000000000000000e+01 2.050000000000000000e+02
4.137500000000000000e+01 2.053750000000000000e+02
4.100000000000000000e+01 2.060000000000000000e+02
4.087500000000000000e+01 2.068750000000000000e+02
4.100000000000000000e+01 2.080000000000000000e+02
4.100000000000000000e+01 2.080000000000000000e+02
4.100000000000000000e+01 2.090000000000000000e+02
4.100000000000000000e+01 2.100000000000000000e+02
4.100000000000000000e+01 2.110000000000000000e+02
4.100000000000000000e+01 2.120000000000000000e+02
4.100000000000000000e+01 2.120000000000000000e+02
4.100000000000000000e+01 2.130000000000000000e+02
4.100000000000000000e+01 2.140000000000000000e+02
4.100000000000000000e+01 2.150000000000000000e+02
4.100000000000000000e+01 2.160000000000000000e+02
4.100000000000000000e+01 2.160000000000000000e+02
4.112500000000000000e+01 2.168750000000000000e+02
4.100000000000000000e+01 2.180000000000000000e+02
4.062500000000000000e+01 2.193750000000000000e+02
4.000000000000000000e+01 2.210000000000000000e+02
4.000000000000000000e+01 2.210000000000000000e+02
3.937500000000000000e+01 2.220000000000000000e+02
3.900000000000000000e+01 2.230000000000000000e+02
3.887500000000000000e+01 2.240000000000000000e+02
3.900000000000000000e+01 2.250000000000000000e+02
