1.680000000000000000e+02 1.680000000000000000e+02
1.680000000000000000e+02 1.690000000000000000e+02
1.680000000000000000e+02 1.700000000000000000e+02
1.680000000000000000e+02 1.710000000000000000e+02
1.680000000000000000e+02 1.720000000000000000e+02
1.680000000000000000e+02 1.720000000000000000e+02
1.680000000000000000e+02 1.730000000000000000e+02
1.680000000000000000e+02 1.740000000000000000e+02
1.680000000000000000e+02 1.750000000000000000e+02
1.680000000000000000e+02 1.760000000000000000e+02
1.680000000000000000e+02 1.760000000000000000e+02
1.686250000000000000e+02 1.776250000000000000e+02
1.690000000000000000e+02 1.790000000000000000e+02
1.691250000000000000e+02 1.801250000000000000e+02
1.690000000000000000e+02 1.810000000000000000e+02
1.690000000000000000e+02 1.810000000000000000e+02
1.695000000000000000e+02 1.815000000000000000e+02
1.700000000000000000e+02 1.820000000000000000e+02
1.705000000000000000e+02 1.825000000000000000e+02
1.710000000000000000e+02 1.830000000000000000e+02
1.710000000000000000e+02 1.830000000000000000e+02
1.710000000000000000e+02 1.840000000000000000e+02
1.710000000000000000e+02 1.850000000000000000e+02
1.710000000000000000e+02 1.860000000000000000e+02
1.710000000000000000e+02 1.870000000000000000e+02
1.710000000000000000e+02 1.870000000000000000e+02
1.710000000000000000e+02 1.880000000000000000e+02
1.710000000000000000e+02 1.890000000000000000e+02
1.710000000000000000e+02 1.900000000000000000e+02
1.710000000000000000e+02 1.910000000000000000e+02
1.710000000000000000e+02 1.910000000000000000e+02
1.708750000000000000e+02 1.921250000000000000e+02
1.710000000000000000e+02 1.930000000000000000e+02
1.713750000000000000e+02 1.936250000000000000e+02
1.720000000000000000e+02 1.940000000000000000e+02
1.720000000000000000e+02 1.940000000000000000e+02
1.718750000000000000e+02 1.948750000000000000e+02
1.720000000000000000e+02 1.960000000000000000e+02
1.723750000000000000e+02 1.973750000000000000e+02
1.730000000000000000e+02 1.990000000000000000e+02
1.730000000000000000e+02 1.990000000000000000e+02
1.735000000000000000e+02 1.995000000000000000e+02
1.740000000000000000e+02 2.000000000000000000e+02
1.745000000000000000e+02 2.005000000000000000e+02
1.750000000000000000e+02 2.010000000000000000e+02
1.750000000000000000e+02 2.010000000000000000e+02
1.755000000000000000e+02 2.015000000000000000e+02
1.760000000000000000e+02 2.020000000000000000e+02
1.765000000000000000e+02 2.025000000000000000e+02
1.770000000000000000e+02 2.030000000000000000e+02
1.770000000000000000e+02 2.030000000000000000e+02
1.775000000000000000e+02 2.035000000000000000e+02
1.780000000000000000e+02 2.040000000000000000e+02
1.785000000000000000e+02 2.045000000000000000e+02
1.790000000000000000e+02 2.050000000000000000e+02
1.790000000000000000e+02 2.050000000000000000e+02
1.795000000000000000e+02 2.055000000000000000e+02
1.800000000000000000e+02 2.060000000000000000e+02
1.805000000000000000e+02 2.065000000000000000e+02
1.810000000000000000e+02 2.070000000000000000e+02
1.810000000000000000e+02 2.070000000000000000e+02
1.813750000000000000e+02 2.075000000000000000e+02
1.820000000000000000e+02 2.080000000000000000e+02
1.828750000000000000e+02 2.085000000000000000e+02
1.840000000000000000e+02 2.090000000000000000e+02
1.840000000000000000e+02 2.090000000000000000e+02
1.851250000000000000e+02 2.088750000000000000e+02
1.860000000000000000e+02 2.090000000000000000e+02
1.866250000000000000e+02 2.093750000000000000e+02
1.870000000000000000e+02 2.100000000000000000e+02
1.870000000000000000e+02 2.100000000000000000e+02
1.880000000000000000e+02 2.098750000000000000e+02
1.890000000000000000e+02 2.100000000000000000e+02
1.900000000000000000e+02 2.103750000000000000e+02
1.910000000000000000e+02 2.110000000000000000e+02
1.910000000000000000e+02 2.110000000000000000e+02
1.915000000000000000e+02 2.115000000000000000e+02
1.920000000000000000e+02 2.120000000000000000e+02
1.925000000000000000e+02 2.125000000000000000e+02
1.930000000000000000e+02 2.130000000000000000e+02
1.930000000000000000e+02 2.130000000000000000e+02
1.941250000000000000e+02 2.128750000000000000e+02
1.950000000000000000e+02 2.130000000000000000e+02
1.956250000000000000e+02 2.133750000000000000e+02
1.960000000000000000e+02 2.140000000000000000e+02
1.960000000000000000e+02 2.140000000000000000e+02
1.970000000000000000e+02 2.140000000000000000e+02
1.980000000000000000e+02 2.140000000000000000e+02
1.990000000000000000e+02 2.140000000000000000e+02
2.000000000000000000e+02 2.140000000000000000e+02
2.000000000000000000e+02 2.140000000000000000e+02
2.010000000000000000e+02 2.140000000000000000e+02
2.020000000000000000e+02 2.140000000000000000e+02
2.030000000000000000e+02 2.140000000000000000e+02
2.040000000000000000e+02 2.140000000000000000e+02
2.040000000000000000e+02 2.140000000000000000e+02
2.050000000000000000e+02 2.140000000000000000e+02
2.060000000000000000e+02 2.140000000000000000e+02
2.070000000000000000e+02 2.140000000000000000e+02
2.080000000000000000e+02 2.140000000000000000e+02
2.080000000000000000e+02 2.140000000000000000e+02
2.090000000000000000e+02 2.140000000000000000e+02
2.100000000000000000e+02 2.140000000000000000e+02
2.110000000000000000e+02 2.140000000000000000e+02
2.120000000000000000e+02 2.140000000000000000e+02
2.120000000000000000e+02 2.140000000000000000e+02
2.130000000000000000e+02 2.140000000000000000e+02
2.140000000000000000e+02 2.140000000000000000e+02
2.150000000000000000e+02 2.140000000000000000e+02
2.160000000000000000e+02 2.140000000000000000e+02
2.160000000000000000e+02 2.140000000000000000e+02
2.170000000000000000e+02 2.140000000000000000e+02
2.180000000000000000e+02 2.140000000000000000e+02
2.190000000000000000e+02 2.140000000000000000e+02
2.200000000000000000e+02 2.140000000000000000e+02
2.200000000000000000e+02 2.140000000000000000e+02
2.210000000000000000e+02 2.140000000000000000e+02
2.220000000000000000e+02 2.140000000000000000e+02
2.230000000000000000e+02 2.140000000000000000e+02
2.240000000000000000e+02 2.140000000000000000e+02
2.240000000000000000e+02 2.140000000000000000e+02
2.250000000000000000e+02 2.133750000000000000e+02
2.260000000000000000e+02 2.130000000000000000e+02
2.270000000000000000e+02 2.128750000000000000e+02
2.280000000000000000e+02 2.130000000000000000e+02
2.280000000000000000e+02 2.130000000000000000e+02
2.290000000000000000e+02 2.130000000000000000e+02
2.300000000000000000e+02 2.130000000000000000e+02
2.310000000000000000e+02 2.130000000000000000e+02
2.320000000000000000e+02 2.130000000000000000e+02
2.320000000000000000e+02 2.130000000000000000e+02
2.330000000000000000e+02 2.130000000000000000e+02
2.340000000000000000e+02 2.130000000000000000e+02
2.350000000000000000e+02 2.130000000000000000e+02
2.360000000000000000e+02 2.130000000000000000e+02
2.360000000000000000e+02 2.130000000000000000e+02
2.370000000000000000e+02 2.123750000000000000e+02
2.380000000000000000e+02 2.120000000000000000e+02
2.390000000000000000e+02 2.118750000000000000e+02
2.400000000000000000e+02 2.120000000000000000e+02
2.400000000000000000e+02 2.120000000000000000e+02
2.403750000000000000e+02 2.115000000000000000e+02
2.410000000000000000e+02 2.110000000000000000e+02
2.418750000000000000e+02 2.105000000000000000e+02
2.430000000000000000e+02 2.100000000000000000e+02
2.430000000000000000e+02 2.100000000000000000e+02
2.435000000000000000e+02 2.096250000000000000e+02
2.440000000000000000e+02 2.090000000000000000e+02
2.445000000000000000e+02 2.081250000000000000e+02
2.450000000000000000e+02 2.070000000000000000e+02
2.450000000000000000e+02 2.070000000000000000e+02
2.461250000000000000e+02 2.065000000000000000e+02
2.470000000000000000e+02 2.060000000000000000e+02
2.476250000000000000e+02 2.055000000000000000e+02
2.480000000000000000e+02 2.050000000000000000e+02
2.480000000000000000e+02 2.050000000000000000e+02
2.491250000000000000e+02 2.051250000000000000e+02
2.500000000000000000e+02 2.050000000000000000e+02
2.506250000000000000e+02 2.046250000000000000e+02
2.510000000000000000e+02 2.040000000000000000e+02
2.510000000000000000e+02 2.040000000000000000e+02
2.515000000000000000e+02 2.035000000000000000e+02
2.520000000000000000e+02 2.030000000000000000e+02
2.525000000000000000e+02 2.025000000000000000e+02
2.530000000000000000e+02 2.020000000000000000e+02
2.530000000000000000e+02 2.020000000000000000e+02
2.533750000000000000e+02 2.015000000000000000e+02
2.540000000000000000e+02 2.010000000000000000e+02
2.548750000000000000e+02 2.005000000000000000e+02
2.560000000000000000e+02 2.000000000000000000e+02
2.560000000000000000e+02 2.000000000000000000e+02
2.565000000000000000e+02 1.988750000000000000e+02
2.570000000000000000e+02 1.980000000000000000e+02
2.575000000000000000e+02 1.973750000000000000e+02
2.580000000000000000e+02 1.970000000000000000e+02
2.580000000000000000e+02 1.970000000000000000e+02
2.583750000000000000e+02 1.965000000000000000e+02
2.590000000000000000e+02 1.960000000000000000e+02
2.598750000000000000e+02 1.955000000000000000e+02
2.610000000000000000e+02 1.950000000000000000e+02
2.610000000000000000e+02 1.950000000000000000e+02
2.615000000000000000e+02 1.940000000000000000e+02
2.620000000000000000e+02 1.930000000000000000e+02
2.625000000000000000e+02 1.920000000000000000e+02
2.630000000000000000e+02 1.910000000000000000e+02
2.630000000000000000e+02 1.910000000000000000e+02
2.630000000000000000e+02 1.900000000000000000e+02
2.630000000000000000e+02 1.890000000000000000e+02
2.630000000000000000e+02 1.880000000000000000e+02
2.630000000000000000e+02 1.870000000000000000e+02
2.630000000000000000e+02 1.870000000000000000e+02
2.628750000000000000e+02 1.860000000000000000e+02
2.630000000000000000e+02 1.850000000000000000e+02
2.633750000000000000e+02 1.840000000000000000e+02
2.640000000000000000e+02 1.830000000000000000e+02
2.640000000000000000e+02 1.830000000000000000e+02
2.645000000000000000e+02 1.825000000000000000e+02
2.650000000000000000e+02 1.820000000000000000e+02
2.655000000000000000e+02 1.815000000000000000e+02
2.660000000000000000e+02 1.810000000000000000e+02
2.660000000000000000e+02 1.810000000000000000e+02
2.666250000000000000e+02 1.806250000000000000e+02
2.670000000000000000e+02 1.800000000000000000e+02
2.671250000000000000e+02 1.791250000000000000e+02
2.670000000000000000e+02 1.780000000000000000e+02
2.670000000000000000e+02 1.780000000000000000e+02
2.670000000000000000e+02 1.770000000000000000e+02
2.670000000000000000e+02 1.760000000000000000e+02
2.670000000000000000e+02 1.750000000000000000e+02
2.670000000000000000e+02 1.740000000000000000e+02
2.670000000000000000e+02 1.740000000000000000e+02
2.670000000000000000e+02 1.730000000000000000e+02
2.670000000000000000e+02 1.720000000000000000e+02
2.670000000000000000e+02 1.710000000000000000e+02
2.670000000000000000e+02 1.700000000000000000e+02
2.670000000000000000e+02 1.700000000000000000e+02
2.670000000000000000e+02 1.690000000000000000e+02
2.670000000000000000e+02 1.680000000000000000e+02
2.670000000000000000e+02 1.670000000000000000e+02
2.670000000000000000e+02 1.660000000000000000e+02
2.670000000000000000e+02 1.660000000000000000e+02
2.670000000000000000e+02 1.650000000000000000e+02
2.670000000000000000e+02 1.640000000000000000e+02
2.670000000000000000e+02 1.630000000000000000e+02
2.670000000000000000e+02 1.620000000000000000e+02
2.670000000000000000e+02 1.620000000000000000e+02
2.670000000000000000e+02 1.610000000000000000e+02
2.670000000000000000e+02 1.600000000000000000e+02
2.670000000000000000e+02 1.590000000000000000e+02
2.670000000000000000e+02 1.580000000000000000e+02
2.670000000000000000e+02 1.580000000000000000e+02
2.670000000000000000e+02 1.570000000000000000e+02
2.670000000000000000e+02 1.560000000000000000e+02
2.670000000000000000e+02 1.550000000000000000e+02
2.670000000000000000e+02 1.540000000000000000e+02
2.670000000000000000e+02 1.540000000000000000e+02
2.671250000000000000e+02 1.531250000000000000e+02
2.670000000000000000e+02 1.520000000000000000e+02
2.666250000000000000e+02 1.506250000000000000e+02
2.660000000000000000e+02 1.490000000000000000e+02
2.660000000000000000e+02 1.490000000000000000e+02
2.661250000000000000e+02 1.478750000000000000e+02
2.660000000000000000e+02 1.470000000000000000e+02
2.656250000000000000e+02 1.463750000000000000e+02
2.650000000000000000e+02 1.460000000000000000e+02
2.650000000000000000e+02 1.460000000000000000e+02
2.645000000000000000e+02 1.451250000000000000e+02
2.640000000000000000e+02 1.440000000000000000e+02
2.635000000000000000e+02 1.426250000000000000e+02
2.630000000000000000e+02 1.410000000000000000e+02
2.630000000000000000e+02 1.410000000000000000e+02
2.625000000000000000e+02 1.405000000000000000e+02
2.620000000000000000e+02 1.400000000000000000e+02
2.615000000000000000e+02 1.395000000000000000e+02
2.610000000000000000e+02 1.390000000000000000e+02
2.610000000000000000e+02 1.390000000000000000e+02
2.605000000000000000e+02 1.378750000000000000e+02
2.600000000000000000e+02 1.370000000000000000e+02
2.595000000000000000e+02 1.363750000000000000e+02
2.590000000000000000e+02 1.360000000000000000e+02
2.590000000000000000e+02 1.360000000000000000e+02
2.591250000000000000e+02 1.348750000000000000e+02
2.590000000000000000e+02 1.340000000000000000e+02
2.586250000000000000e+02 1.333750000000000000e+02
2.580000000000000000e+02 1.330000000000000000e+02
2.580000000000000000e+02 1.330000000000000000e+02
2.575000000000000000e+02 1.325000000000000000e+02
2.570000000000000000e+02 1.320000000000000000e+02
2.565000000000000000e+02 1.315000000000000000e+02
2.560000000000000000e+02 1.310000000000000000e+02
2.560000000000000000e+02 1.310000000000000000e+02
2.555000000000000000e+02 1.306250000000000000e+02
2.550000000000000000e+02 1.300000000000000000e+02
2.545000000000000000e+02 1.291250000000000000e+02
2.540000000000000000e+02 1.280000000000000000e+02
2.540000000000000000e+02 1.280000000000000000e+02
2.536250000000000000e+02 1.275000000000000000e+02
2.530000000000000000e+02 1.270000000000000000e+02
2.521250000000000000e+02 1.265000000000000000e+02
2.510000000000000000e+02 1.260000000000000000e+02
2.510000000000000000e+02 1.260000000000000000e+02
2.498750000000000000e+02 1.255000000000000000e+02
2.490000000000000000e+02 1.250000000000000000e+02
2.483750000000000000e+02 1.245000000000000000e+02
2.480000000000000000e+02 1.240000000000000000e+02
2.480000000000000000e+02 1.240000000000000000e+02
2.475000000000000000e+02 1.235000000000000000e+02
2.470000000000000000e+02 1.230000000000000000e+02
2.465000000000000000e+02 1.225000000000000000e+02
2.460000000000000000e+02 1.220000000000000000e+02
2.460000000000000000e+02 1.220000000000000000e+02
2.455000000000000000e+02 1.215000000000000000e+02
2.450000000000000000e+02 1.210000000000000000e+02
2.445000000000000000e+02 1.205000000000000000e+02
2.440000000000000000e+02 1.200000000000000000e+02
2.440000000000000000e+02 1.200000000000000000e+02
2.435000000000000000e+02 1.195000000000000000e+02
2.430000000000000000e+02 1.190000000000000000e+02
2.425000000000000000e+02 1.185000000000000000e+02
2.420000000000000000e+02 1.180000000000000000e+02
2.420000000000000000e+02 1.180000000000000000e+02
2.415000000000000000e+02 1.175000000000000000e+02
2.410000000000000000e+02 1.170000000000000000e+02
2.405000000000000000e+02 1.165000000000000000e+02
2.400000000000000000e+02 1.160000000000000000e+02
2.400000000000000000e+02 1.160000000000000000e+02
2.390000000000000000e+02 1.160000000000000000e+02
2.380000000000000000e+02 1.160000000000000000e+02
2.370000000000000000e+02 1.160000000000000000e+02
2.360000000000000000e+02 1.160000000000000000e+02
2.360000000000000000e+02 1.160000000000000000e+02
2.351250000000000000e+02 1.155000000000000000e+02
2.340000000000000000e+02 1.150000000000000000e+02
2.326250000000000000e+02 1.145000000000000000e+02
2.310000000000000000e+02 1.140000000000000000e+02
2.310000000000000000e+02 1.140000000000000000e+02
2.305000000000000000e+02 1.135000000000000000e+02
2.300000000000000000e+02 1.130000000000000000e+02
2.295000000000000000e+02 1.125000000000000000e+02
2.290000000000000000e+02 1.120000000000000000e+02
2.290000000000000000e+02 1.120000000000000000e+02
2.286250000000000000e+02 1.113750000000000000e+02
2.280000000000000000e+02 1.110000000000000000e+02
2.271250000000000000e+02 1.108750000000000000e+02
2.260000000000000000e+02 1.110000000000000000e+02
2.260000000000000000e+02 1.110000000000000000e+02
2.250000000000000000e+02 1.105000000000000000e+02
2.240000000000000000e+02 1.100000000000000000e+02
2.230000000000000000e+02 1.095000000000000000e+02
2.220000000000000000e+02 1.090000000000000000e+02
2.220000000000000000e+02 1.090000000000000000e+02
2.216250000000000000e+02 1.083750000000000000e+02
2.210000000000000000e+02 1.080000000000000000e+02
2.201250000000000000e+02 1.078750000000000000e+02
2.190000000000000000e+02 1.080000000000000000e+02
2.190000000000000000e+02 1.080000000000000000e+02
2.180000000000000000e+02 1.080000000000000000e+02
2.170000000000000000e+02 1.080000000000000000e+02
2.160000000000000000e+02 1.080000000000000000e+02
2.150000000000000000e+02 1.080000000000000000e+02
2.150000000000000000e+02 1.080000000000000000e+02
2.140000000000000000e+02 1.080000000000000000e+02
2.130000000000000000e+02 1.080000000000000000e+02
2.120000000000000000e+02 1.080000000000000000e+02
2.110000000000000000e+02 1.080000000000000000e+02
2.110000000000000000e+02 1.080000000000000000e+02
2.100000000000000000e+02 1.080000000000000000e+02
2.090000000000000000e+02 1.080000000000000000e+02
2.080000000000000000e+02 1.080000000000000000e+02
2.070000000000000000e+02 1.080000000000000000e+02
2.070000000000000000e+02 1.080000000000000000e+02
2.053750000000000000e+02 1.073750000000000000e+02
2.040000000000000000e+02 1.070000000000000000e+02
2.028750000000000000e+02 1.068750000000000000e+02
2.020000000000000000e+02 1.070000000000000000e+02
2.020000000000000000e+02 1.070000000000000000e+02
2.010000000000000000e+02 1.070000000000000000e+02
2.000000000000000000e+02 1.070000000000000000e+02
1.990000000000000000e+02 1.070000000000000000e+02
1.980000000000000000e+02 1.070000000000000000e+02
1.980000000000000000e+02 1.070000000000000000e+02
1.970000000000000000e+02 1.070000000000000000e+02
1.960000000000000000e+02 1.070000000000000000e+02
1.950000000000000000e+02 1.070000000000000000e+02
1.940000000000000000e+02 1.070000000000000000e+02
1.940000000000000000e+02 1.070000000000000000e+02
1.930000000000000000e+02 1.070000000000000000e+02
1.920000000000000000e+02 1.070000000000000000e+02
1.910000000000000000e+02 1.070000000000000000e+02
1.900000000000000000e+02 1.070000000000000000e+02
1.900000000000000000e+02 1.070000000000000000e+02
1.890000000000000000e+02 1.070000000000000000e+02
1.880000000000000000e+02 1.070000000000000000e+02
1.870000000000000000e+02 1.070000000000000000e+02
1.860000000000000000e+02 1.070000000000000000e+02
1.860000000000000000e+02 1.070000000000000000e+02
1.850000000000000000e+02 1.070000000000000000e+02
1.840000000000000000e+02 1.070000000000000000e+02
1.830000000000000000e+02 1.070000000000000000e+02
1.820000000000000000e+02 1.070000000000000000e+02
1.820000000000000000e+02 1.070000000000000000e+02
1.810000000000000000e+02 1.070000000000000000e+02
1.800000000000000000e+02 1.070000000000000000e+02
1.790000000000000000e+02 1.070000000000000000e+02
1.780000000000000000e+02 1.070000000000000000e+02
1.780000000000000000e+02 1.070000000000000000e+02
1.770000000000000000e+02 1.070000000000000000e+02
1.760000000000000000e+02 1.070000000000000000e+02
1.750000000000000000e+02 1.070000000000000000e+02
1.740000000000000000e+02 1.070000000000000000e+02
1.740000000000000000e+02 1.070000000000000000e+02
1.730000000000000000e+02 1.070000000000000000e+02
1.720000000000000000e+02 1.070000000000000000e+02
1.710000000000000000e+02 1.070000000000000000e+02
1.700000000000000000e+02 1.070000000000000000e+02
1.700000000000000000e+02 1.070000000000000000e+02
1.690000000000000000e+02 1.070000000000000000e+02
1.680000000000000000e+02 1.070000000000000000e+02
1.670000000000000000e+02 1.070000000000000000e+02
1.660000000000000000e+02 1.070000000000000000e+02
1.660000000000000000e+02 1.070000000000000000e+02
1.650000000000000000e+02 1.076250000000000000e+02
1.640000000000000000e+02 1.080000000000000000e+02
1.630000000000000000e+02 1.081250000000000000e+02
1.620000000000000000e+02 1.080000000000000000e+02
1.620000000000000000e+02 1.080000000000000000e+02
1.616250000000000000e+02 1.086250000000000000e+02
1.610000000000000000e+02 1.090000000000000000e+02
1.601250000000000000e+02 1.091250000000000000e+02
1.590000000000000000e+02 1.090000000000000000e+02
1.590000000000000000e+02 1.090000000000000000e+02
1.580000000000000000e+02 1.096250000000000000e+02
1.570000000000000000e+02 1.100000000000000000e+02
1.560000000000000000e+02 1.101250000000000000e+02
1.550000000000000000e+02 1.100000000000000000e+02
1.550000000000000000e+02 1.100000000000000000e+02
1.545000000000000000e+02 1.105000000000000000e+02
1.540000000000000000e+02 1.110000000000000000e+02
1.535000000000000000e+02 1.115000000000000000e+02
1.530000000000000000e+02 1.120000000000000000e+02
1.530000000000000000e+02 1.120000000000000000e+02
1.526250000000000000e+02 1.126250000000000000e+02
1.520000000000000000e+02 1.130000000000000000e+02
1.511250000000000000e+02 1.131250000000000000e+02
1.500000000000000000e+02 1.130000000000000000e+02
1.500000000000000000e+02 1.130000000000000000e+02
1.488750000000000000e+02 1.128750000000000000e+02
1.480000000000000000e+02 1.130000000000000000e+02
1.473750000000000000e+02 1.133750000000000000e+02
1.470000000000000000e+02 1.140000000000000000e+02
1.470000000000000000e+02 1.140000000000000000e+02
1.465000000000000000e+02 1.145000000000000000e+02
1.460000000000000000e+02 1.150000000000000000e+02
1.455000000000000000e+02 1.155000000000000000e+02
1.450000000000000000e+02 1.160000000000000000e+02
1.450000000000000000e+02 1.160000000000000000e+02
1.446250000000000000e+02 1.166250000000000000e+02
1.440000000000000000e+02 1.170000000000000000e+02
1.431250000000000000e+02 1.171250000000000000e+02
1.420000000000000000e+02 1.170000000000000000e+02
1.420000000000000000e+02 1.170000000000000000e+02
1.415000000000000000e+02 1.175000000000000000e+02
1.410000000000000000e+02 1.180000000000000000e+02
1.405000000000000000e+02 1.185000000000000000e+02
1.400000000000000000e+02 1.190000000000000000e+02
1.400000000000000000e+02 1.190000000000000000e+02
1.396250000000000000e+02 1.195000000000000000e+02
1.390000000000000000e+02 1.200000000000000000e+02
1.381250000000000000e+02 1.205000000000000000e+02
1.370000000000000000e+02 1.210000000000000000e+02
1.370000000000000000e+02 1.210000000000000000e+02
1.365000000000000000e+02 1.221250000000000000e+02
1.360000000000000000e+02 1.230000000000000000e+02
1.355000000000000000e+02 1.236250000000000000e+02
1.350000000000000000e+02 1.240000000000000000e+02
1.350000000000000000e+02 1.240000000000000000e+02
1.345000000000000000e+02 1.257500000000000000e+02
1.340000000000000000e+02 1.270000000000000000e+02
1.335000000000000000e+02 1.277500000000000000e+02
1.330000000000000000e+02 1.280000000000000000e+02
1.330000000000000000e+02 1.280000000000000000e+02
1.325000000000000000e+02 1.285000000000000000e+02
1.320000000000000000e+02 1.290000000000000000e+02
1.315000000000000000e+02 1.295000000000000000e+02
1.310000000000000000e+02 1.300000000000000000e+02
1.310000000000000000e+02 1.300000000000000000e+02
1.305000000000000000e+02 1.305000000000000000e+02
1.300000000000000000e+02 1.310000000000000000e+02
1.295000000000000000e+02 1.315000000000000000e+02
1.290000000000000000e+02 1.320000000000000000e+02
1.290000000000000000e+02 1.320000000000000000e+02
1.291250000000000000e+02 1.331250000000000000e+02
1.290000000000000000e+02 1.340000000000000000e+02
1.286250000000000000e+02 1.346250000000000000e+02
1.280000000000000000e+02 1.350000000000000000e+02
1.280000000000000000e+02 1.350000000000000000e+02
1.267500000000000000e+02 1.353750000000000000e+02
1.260000000000000000e+02 1.360000000000000000e+02
1.257500000000000000e+02 1.368750000000000000e+02
1.260000000000000000e+02 1.380000000000000000e+02
1.260000000000000000e+02 1.380000000000000000e+02
1.261250000000000000e+02 1.390000000000000000e+02
1.260000000000000000e+02 1.400000000000000000e+02
1.256250000000000000e+02 1.410000000000000000e+02
1.250000000000000000e+02 1.420000000000000000e+02
1.250000000000000000e+02 1.420000000000000000e+02
1.245000000000000000e+02 1.428750000000000000e+02
1.240000000000000000e+02 1.440000000000000000e+02
1.235000000000000000e+02 1.453750000000000000e+02
1.230000000000000000e+02 1.470000000000000000e+02
1.230000000000000000e+02 1.470000000000000000e+02
1.225000000000000000e+02 1.475000000000000000e+02
1.220000000000000000e+02 1.480000000000000000e+02
1.215000000000000000e+02 1.485000000000000000e+02
1.210000000000000000e+02 1.490000000000000000e+02
1.210000000000000000e+02 1.490000000000000000e+02
1.205000000000000000e+02 1.495000000000000000e+02
1.200000000000000000e+02 1.500000000000000000e+02
1.195000000000000000e+02 1.505000000000000000e+02
1.190000000000000000e+02 1.510000000000000000e+02
1.190000000000000000e+02 1.510000000000000000e+02
1.185000000000000000e+02 1.515000000000000000e+02
1.180000000000000000e+02 1.520000000000000000e+02
1.175000000000000000e+02 1.525000000000000000e+02
1.170000000000000000e+02 1.530000000000000000e+02
1.170000000000000000e+02 1.530000000000000000e+02
1.165000000000000000e+02 1.535000000000000000e+02
1.160000000000000000e+02 1.540000000000000000e+02
1.155000000000000000e+02 1.545000000000000000e+02
1.150000000000000000e+02 1.550000000000000000e+02
1.150000000000000000e+02 1.550000000000000000e+02
1.150000000000000000e+02 1.560000000000000000e+02
1.150000000000000000e+02 1.570000000000000000e+02
1.150000000000000000e+02 1.580000000000000000e+02
1.150000000000000000e+02 1.590000000000000000e+02
1.150000000000000000e+02 1.590000000000000000e+02
1.151250000000000000e+02 1.601250000000000000e+02
1.150000000000000000e+02 1.610000000000000000e+02
1.146250000000000000e+02 1.616250000000000000e+02
1.140000000000000000e+02 1.620000000000000000e+02
1.140000000000000000e+02 1.620000000000000000e+02
1.140000000000000000e+02 1.630000000000000000e+02
1.140000000000000000e+02 1.640000000000000000e+02
1.140000000000000000e+02 1.650000000000000000e+02
1.140000000000000000e+02 1.660000000000000000e+02
1.140000000000000000e+02 1.660000000000000000e+02
1.141250000000000000e+02 1.670000000000000000e+02
1.140000000000000000e+02 1.680000000000000000e+02
1.136250000000000000e+02 1.690000000000000000e+02
1.130000000000000000e+02 1.700000000000000000e+02
1.130000000000000000e+02 1.700000000000000000e+02
1.123750000000000000e+02 1.703750000000000000e+02
1.120000000000000000e+02 1.710000000000000000e+02
1.118750000000000000e+02 1.718750000000000000e+02
1.120000000000000000e+02 1.730000000000000000e+02
1.120000000000000000e+02 1.730000000000000000e+02
1.120000000000000000e+02 1.740000000000000000e+02
1.120000000000000000e+02 1.750000000000000000e+02
1.120000000000000000e+02 1.760000000000000000e+02
1.120000000000000000e+02 1.770000000000000000e+02
1.120000000000000000e+02 1.770000000000000000e+02
1.120000000000000000e+02 1.780000000000000000e+02
1.120000000000000000e+02 1.790000000000000000e+02
1.120000000000000000e+02 1.800000000000000000e+02
1.120000000000000000e+02 1.810000000000000000e+02
1.120000000000000000e+02 1.810000000000000000e+02
1.121250000000000000e+02 1.821250000000000000e+02
1.120000000000000000e+02 1.830000000000000000e+02
1.116250000000000000e+02 1.836250000000000000e+02
1.110000000000000000e+02 1.840000000000000000e+02
1.110000000000000000e+02 1.840000000000000000e+02
1.103750000000000000e+02 1.843750000000000000e+02
1.100000000000000000e+02 1.850000000000000000e+02
1.098750000000000000e+02 1.858750000000000000e+02
1.100000000000000000e+02 1.870000000000000000e+02
1.100000000000000000e+02 1.870000000000000000e+02
1.093750000000000000e+02 1.873750000000000000e+02
1.090000000000000000e+02 1.880000000000000000e+02
1.088750000000000000e+02 1.888750000000000000e+02
1.090000000000000000e+02 1.900000000000000000e+02
1.090000000000000000e+02 1.900000000000000000e+02
1.090000000000000000e+02 1.910000000000000000e+02
1.090000000000000000e+02 1.920000000000000000e+02
1.090000000000000000e+02 1.930000000000000000e+02
1.090000000000000000e+02 1.940000000000000000e+02
1.090000000000000000e+02 1.940000000000000000e+02
1.090000000000000000e+02 1.950000000000000000e+02
1.090000000000000000e+02 1.960000000000000000e+02
1.090000000000000000e+02 1.970000000000000000e+02
1.090000000000000000e+02 1.980000000000000000e+02
1.090000000000000000e+02 1.980000000000000000e+02
1.090000000000000000e+02 1.990000000000000000e+02
1.090000000000000000e+02 2.000000000000000000e+02
1.090000000000000000e+02 2.010000000000000000e+02
1.090000000000000000e+02 2.020000000000000000e+02
1.090000000000000000e+02 2.020000000000000000e+02
1.090000000000000000e+02 2.030000000000000000e+02
1.090000000000000000e+02 2.040000000000000000e+02
1.090000000000000000e+02 2.050000000000000000e+02
1.090000000000000000e+02 2.060000000000000000e+02
1.090000000000000000e+02 2.060000000000000000e+02
1.090000000000000000e+02 2.070000000000000000e+02
1.090000000000000000e+02 2.080000000000000000e+02
1.090000000000000000e+02 2.090000000000000000e+02
1.090000000000000000e+02 2.100000000000000000e+02
1.090000000000000000e+02 2.100000000000000000e+02
1.088750000000000000e+02 2.111250000000000000e+02
1.090000000000000000e+02 2.120000000000000000e+02
1.093750000000000000e+02 2.126250000000000000e+02
1.100000000000000000e+02 2.130000000000000000e+02
1.100000000000000000e+02 2.130000000000000000e+02
1.106250000000000000e+02 2.133750000000000000e+02
1.110000000000000000e+02 2.140000000000000000e+02
1.111250000000000000e+02 2.148750000000000000e+02
1.110000000000000000e+02 2.160000000000000000e+02
1.110000000000000000e+02 2.160000000000000000e+02
1.108750000000000000e+02 2.168750000000000000e+02
1.110000000000000000e+02 2.180000000000000000e+02
1.113750000000000000e+02 2.193750000000000000e+02
1.120000000000000000e+02 2.210000000000000000e+02
1.120000000000000000e+02 2.210000000000000000e+02
1.118750000000000000e+02 2.218750000000000000e+02
1.120000000000000000e+02 2.230000000000000000e+02
1.123750000000000000e+02 2.243750000000000000e+02
1.130000000000000000e+02 2.260000000000000000e+02
1.130000000000000000e+02 2.260000000000000000e+02
1.136250000000000000e+02 2.276250000000000000e+02
1.140000000000000000e+02 2.290000000000000000e+02
1.141250000000000000e+02 2.301250000000000000e+02
1.140000000000000000e+02 2.310000000000000000e+02
1.140000000000000000e+02 2.310000000000000000e+02
1.145000000000000000e+02 2.327500000000000000e+02
1.150000000000000000e+02 2.340000000000000000e+02
1.155000000000000000e+02 2.347500000000000000e+02
1.160000000000000000e+02 2.350000000000000000e+02
1.160000000000000000e+02 2.350000000000000000e+02
1.165000000000000000e+02 2.353750000000000000e+02
1.170000000000000000e+02 2.360000000000000000e+02
1.175000000000000000e+02 2.368750000000000000e+02
1.180000000000000000e+02 2.380000000000000000e+02
1.180000000000000000e+02 2.380000000000000000e+02
1.185000000000000000e+02 2.385000000000000000e+02
1.190000000000000000e+02 2.390000000000000000e+02
1.195000000000000000e+02 2.395000000000000000e+02
1.200000000000000000e+02 2.400000000000000000e+02
1.200000000000000000e+02 2.400000000000000000e+02
1.211250000000000000e+02 2.403750000000000000e+02
1.220000000000000000e+02 2.410000000000000000e+02
1.226250000000000000e+02 2.418750000000000000e+02
1.230000000000000000e+02 2.430000000000000000e+02
1.230000000000000000e+02 2.430000000000000000e+02
1.235000000000000000e+02 2.435000000000000000e+02
1.240000000000000000e+02 2.440000000000000000e+02
1.245000000000000000e+02 2.445000000000000000e+02
1.250000000000000000e+02 2.450000000000000000e+02
1.250000000000000000e+02 2.450000000000000000e+02
1.255000000000000000e+02 2.455000000000000000e+02
1.260000000000000000e+02 2.460000000000000000e+02
1.265000000000000000e+02 2.465000000000000000e+02
1.270000000000000000e+02 2.470000000000000000e+02
1.270000000000000000e+02 2.470000000000000000e+02
1.275000000000000000e+02 2.481250000000000000e+02
1.280000000000000000e+02 2.490000000000000000e+02
1.285000000000000000e+02 2.496250000000000000e+02
1.290000000000000000e+02 2.500000000000000000e+02
1.290000000000000000e+02 2.500000000000000000e+02
1.295000000000000000e+02 2.505000000000000000e+02
1.300000000000000000e+02 2.510000000000000000e+02
1.305000000000000000e+02 2.515000000000000000e+02
1.310000000000000000e+02 2.520000000000000000e+02
1.310000000000000000e+02 2.520000000000000000e+02
1.315000000000000000e+02 2.525000000000000000e+02
1.320000000000000000e+02 2.530000000000000000e+02
1.325000000000000000e+02 2.535000000000000000e+02
1.330000000000000000e+02 2.540000000000000000e+02
1.330000000000000000e+02 2.540000000000000000e+02
1.335000000000000000e+02 2.545000000000000000e+02
1.340000000000000000e+02 2.550000000000000000e+02
1.345000000000000000e+02 2.555000000000000000e+02
1.350000000000000000e+02 2.560000000000000000e+02
1.350000000000000000e+02 2.560000000000000000e+02
1.355000000000000000e+02 2.565000000000000000e+02
1.360000000000000000e+02 2.570000000000000000e+02
1.365000000000000000e+02 2.575000000000000000e+02
1.370000000000000000e+02 2.580000000000000000e+02
1.370000000000000000e+02 2.580000000000000000e+02
1.380000000000000000e+02 2.580000000000000000e+02
1.390000000000000000e+02 2.580000000000000000e+02
1.400000000000000000e+02 2.580000000000000000e+02
1.410000000000000000e+02 2.580000000000000000e+02
1.410000000000000000e+02 2.580000000000000000e+02
1.420000000000000000e+02 2.586250000000000000e+02
1.430000000000000000e+02 2.590000000000000000e+02
1.440000000000000000e+02 2.591250000000000000e+02
1.450000000000000000e+02 2.590000000000000000e+02
1.450000000000000000e+02 2.590000000000000000e+02
1.458750000000000000e+02 2.588750000000000000e+02
1.470000000000000000e+02 2.590000000000000000e+02
1.483750000000000000e+02 2.593750000000000000e+02
1.500000000000000000e+02 2.600000000000000000e+02
1.500000000000000000e+02 2.600000000000000000e+02
1.517500000000000000e+02 2.605000000000000000e+02
1.530000000000000000e+02 2.610000000000000000e+02
1.537500000000000000e+02 2.615000000000000000e+02
1.540000000000000000e+02 2.620000000000000000e+02
1.540000000000000000e+02 2.620000000000000000e+02
1.543750000000000000e+02 2.631250000000000000e+02
1.550000000000000000e+02 2.640000000000000000e+02
1.558750000000000000e+02 2.646250000000000000e+02
1.570000000000000000e+02 2.650000000000000000e+02
1.570000000000000000e+02 2.650000000000000000e+02
1.580000000000000000e+02 2.650000000000000000e+02
1.590000000000000000e+02 2.650000000000000000e+02
1.600000000000000000e+02 2.650000000000000000e+02
1.610000000000000000e+02 2.650000000000000000e+02
1.610000000000000000e+02 2.650000000000000000e+02
1.621250000000000000e+02 2.648750000000000000e+02
1.630000000000000000e+02 2.650000000000000000e+02
1.636250000000000000e+02 2.653750000000000000e+02
1.640000000000000000e+02 2.660000000000000000e+02
1.640000000000000000e+02 2.660000000000000000e+02
1.645000000000000000e+02 2.665000000000000000e+02
1.650000000000000000e+02 2.670000000000000000e+02
1.655000000000000000e+02 2.675000000000000000e+02
1.660000000000000000e+02 2.680000000000000000e+02
1.660000000000000000e+02 2.680000000000000000e+02
1.671250000000000000e+02 2.678750000000000000e+02
1.680000000000000000e+02 2.680000000000000000e+02
1.686250000000000000e+02 2.683750000000000000e+02
1.690000000000000000e+02 2.690000000000000000e+02
1.690000000000000000e+02 2.690000000000000000e+02
1.701250000000000000e+02 2.688750000000000000e+02
1.710000000000000000e+02 2.690000000000000000e+02
1.716250000000000000e+02 2.693750000000000000e+02
1.720000000000000000e+02 2.700000000000000000e+02
1.720000000000000000e+02 2.700000000000000000e+02
1.737500000000000000e+02 2.705000000000000000e+02
1.750000000000000000e+02 2.710000000000000000e+02
1.757500000000000000e+02 2.715000000000000000e+02
1.760000000000000000e+02 2.720000000000000000e+02
1.760000000000000000e+02 2.720000000000000000e+02
1.770000000000000000e+02 2.720000000000000000e+02
1.780000000000000000e+02 2.720000000000000000e+02
1.790000000000000000e+02 2.720000000000000000e+02
1.800000000000000000e+02 2.720000000000000000e+02
1.800000000000000000e+02 2.720000000000000000e+02
1.808750000000000000e+02 2.718750000000000000e+02
1.820000000000000000e+02 2.720000000000000000e+02
1.833750000000000000e+02 2.723750000000000000e+02
1.850000000000000000e+02 2.730000000000000000e+02
1.850000000000000000e+02 2.730000000000000000e+02
1.860000000000000000e+02 2.730000000000000000e+02
1.870000000000000000e+02 2.730000000000000000e+02
1.880000000000000000e+02 2.730000000000000000e+02
1.890000000000000000e+02 2.730000000000000000e+02
1.890000000000000000e+02 2.730000000000000000e+02
1.898750000000000000e+02 2.728750000000000000e+02
1.910000000000000000e+02 2.730000000000000000e+02
1.923750000000000000e+02 2.733750000000000000e+02
1.940000000000000000e+02 2.740000000000000000e+02
1.940000000000000000e+02 2.740000000000000000e+02
1.950000000000000000e+02 2.740000000000000000e+02
1.960000000000000000e+02 2.740000000000000000e+02
1.970000000000000000e+02 2.740000000000000000e+02
1.980000000000000000e+02 2.740000000000000000e+02
1.980000000000000000e+02 2.740000000000000000e+02
1.990000000000000000e+02 2.740000000000000000e+02
2.000000000000000000e+02 2.740000000000000000e+02
2.010000000000000000e+02 2.740000000000000000e+02
2.020000000000000000e+02 2.740000000000000000e+02
2.020000000000000000e+02 2.740000000000000000e+02
2.030000000000000000e+02 2.740000000000000000e+02
2.040000000000000000e+02 2.740000000000000000e+02
2.050000000000000000e+02 2.740000000000000000e+02
2.060000000000000000e+02 2.740000000000000000e+02
2.060000000000000000e+02 2.740000000000000000e+02
2.070000000000000000e+02 2.740000000000000000e+02
2.080000000000000000e+02 2.740000000000000000e+02
2.090000000000000000e+02 2.740000000000000000e+02
2.100000000000000000e+02 2.740000000000000000e+02
2.100000000000000000e+02 2.740000000000000000e+02
2.110000000000000000e+02 2.740000000000000000e+02
2.120000000000000000e+02 2.740000000000000000e+02
2.130000000000000000e+02 2.740000000000000000e+02
2.140000000000000000e+02 2.740000000000000000e+02
2.140000000000000000e+02 2.740000000000000000e+02
2.150000000000000000e+02 2.740000000000000000e+02
2.160000000000000000e+02 2.740000000000000000e+02
2.170000000000000000e+02 2.740000000000000000e+02
2.180000000000000000e+02 2.740000000000000000e+02
2.180000000000000000e+02 2.740000000000000000e+02
2.190000000000000000e+02 2.740000000000000000e+02
2.200000000000000000e+02 2.740000000000000000e+02
2.210000000000000000e+02 2.740000000000000000e+02
2.220000000000000000e+02 2.740000000000000000e+02
2.220000000000000000e+02 2.740000000000000000e+02
2.230000000000000000e+02 2.740000000000000000e+02
2.240000000000000000e+02 2.740000000000000000e+02
2.250000000000000000e+02 2.740000000000000000e+02
2.260000000000000000e+02 2.740000000000000000e+02
2.260000000000000000e+02 2.740000000000000000e+02
2.270000000000000000e+02 2.740000000000000000e+02
2.280000000000000000e+02 2.740000000000000000e+02
2.290000000000000000e+02 2.740000000000000000e+02
2.300000000000000000e+02 2.740000000000000000e+02
2.300000000000000000e+02 2.740000000000000000e+02
2.310000000000000000e+02 2.740000000000000000e+02
2.320000000000000000e+02 2.740000000000000000e+02
2.330000000000000000e+02 2.740000000000000000e+02
2.340000000000000000e+02 2.740000000000000000e+02
2.340000000000000000e+02 2.740000000000000000e+02
2.350000000000000000e+02 2.740000000000000000e+02
2.360000000000000000e+02 2.740000000000000000e+02
2.370000000000000000e+02 2.740000000000000000e+02
2.380000000000000000e+02 2.740000000000000000e+02
2.380000000000000000e+02 2.740000000000000000e+02
2.390000000000000000e+02 2.740000000000000000e+02
2.400000000000000000e+02 2.740000000000000000e+02
2.410000000000000000e+02 2.740000000000000000e+02
2.420000000000000000e+02 2.740000000000000000e+02
2.420000000000000000e+02 2.740000000000000000e+02
2.430000000000000000e+02 2.740000000000000000e+02
2.440000000000000000e+02 2.740000000000000000e+02
2.450000000000000000e+02 2.740000000000000000e+02
2.460000000000000000e+02 2.740000000000000000e+02
2.460000000000000000e+02 2.740000000000000000e+02
2.470000000000000000e+02 2.740000000000000000e+02
2.480000000000000000e+02 2.740000000000000000e+02
2.490000000000000000e+02 2.740000000000000000e+02
2.500000000000000000e+02 2.740000000000000000e+02
2.500000000000000000e+02 2.740000000000000000e+02
2.510000000000000000e+02 2.740000000000000000e+02
2.520000000000000000e+02 2.740000000000000000e+02
2.530000000000000000e+02 2.740000000000000000e+02
2.540000000000000000e+02 2.740000000000000000e+02
2.540000000000000000e+02 2.740000000000000000e+02
2.550000000000000000e+02 2.740000000000000000e+02
2.560000000000000000e+02 2.740000000000000000e+02
2.570000000000000000e+02 2.740000000000000000e+02
2.580000000000000000e+02 2.740000000000000000e+02
2.580000000000000000e+02 2.740000000000000000e+02
2.590000000000000000e+02 2.733750000000000000e+02
2.600000000000000000e+02 2.730000000000000000e+02
2.610000000000000000e+02 2.728750000000000000e+02
2.620000000000000000e+02 2.730000000000000000e+02
2.620000000000000000e+02 2.730000000000000000e+02
2.630000000000000000e+02 2.725000000000000000e+02
2.640000000000000000e+02 2.720000000000000000e+02
2.650000000000000000e+02 2.715000000000000000e+02
2.660000000000000000e+02 2.710000000000000000e+02
2.660000000000000000e+02 2.710000000000000000e+02
2.671250000000000000e+02 2.711250000000000000e+02
2.680000000000000000e+02 2.710000000000000000e+02
2.686250000000000000e+02 2.706250000000000000e+02
2.690000000000000000e+02 2.700000000000000000e+02
2.690000000000000000e+02 2.700000000000000000e+02
2.701250000000000000e+02 2.701250000000000000e+02
2.710000000000000000e+02 2.700000000000000000e+02
2.716250000000000000e+02 2.696250000000000000e+02
2.720000000000000000e+02 2.690000000000000000e+02
2.720000000000000000e+02 2.690000000000000000e+02
2.723750000000000000e+02 2.685000000000000000e+02
2.730000000000000000e+02 2.680000000000000000e+02
2.738750000000000000e+02 2.675000000000000000e+02
2.750000000000000000e+02 2.670000000000000000e+02
2.750000000000000000e+02 2.670000000000000000e+02
2.760000000000000000e+02 2.670000000000000000e+02
2.770000000000000000e+02 2.670000000000000000e+02
2.780000000000000000e+02 2.670000000000000000e+02
2.790000000000000000e+02 2.670000000000000000e+02
2.790000000000000000e+02 2.670000000000000000e+02
2.800000000000000000e+02 2.663750000000000000e+02
2.810000000000000000e+02 2.660000000000000000e+02
2.820000000000000000e+02 2.658750000000000000e+02
2.830000000000000000e+02 2.660000000000000000e+02
2.830000000000000000e+02 2.660000000000000000e+02
2.833750000000000000e+02 2.655000000000000000e+02
2.840000000000000000e+02 2.650000000000000000e+02
2.848750000000000000e+02 2.645000000000000000e+02
2.860000000000000000e+02 2.640000000000000000e+02
2.860000000000000000e+02 2.640000000000000000e+02
2.865000000000000000e+02 2.635000000000000000e+02
2.870000000000000000e+02 2.630000000000000000e+02
2.875000000000000000e+02 2.625000000000000000e+02
2.880000000000000000e+02 2.620000000000000000e+02
2.880000000000000000e+02 2.620000000000000000e+02
2.883750000000000000e+02 2.613750000000000000e+02
2.890000000000000000e+02 2.610000000000000000e+02
2.898750000000000000e+02 2.608750000000000000e+02
2.910000000000000000e+02 2.610000000000000000e+02
2.910000000000000000e+02 2.610000000000000000e+02
2.915000000000000000e+02 2.605000000000000000e+02
2.920000000000000000e+02 2.600000000000000000e+02
2.925000000000000000e+02 2.595000000000000000e+02
2.930000000000000000e+02 2.590000000000000000e+02
2.930000000000000000e+02 2.590000000000000000e+02
2.935000000000000000e+02 2.585000000000000000e+02
2.940000000000000000e+02 2.580000000000000000e+02
2.945000000000000000e+02 2.575000000000000000e+02
2.950000000000000000e+02 2.570000000000000000e+02
2.950000000000000000e+02 2.570000000000000000e+02
2.961250000000000000e+02 2.571250000000000000e+02
2.970000000000000000e+02 2.570000000000000000e+02
2.976250000000000000e+02 2.566250000000000000e+02
2.980000000000000000e+02 2.560000000000000000e+02
2.980000000000000000e+02 2.560000000000000000e+02
2.985000000000000000e+02 2.555000000000000000e+02
2.990000000000000000e+02 2.550000000000000000e+02
2.995000000000000000e+02 2.545000000000000000e+02
3.000000000000000000e+02 2.540000000000000000e+02
3.000000000000000000e+02 2.540000000000000000e+02
3.006250000000000000e+02 2.536250000000000000e+02
3.010000000000000000e+02 2.530000000000000000e+02
3.011250000000000000e+02 2.521250000000000000e+02
3.010000000000000000e+02 2.510000000000000000e+02
3.010000000000000000e+02 2.510000000000000000e+02
3.015000000000000000e+02 2.506250000000000000e+02
3.020000000000000000e+02 2.500000000000000000e+02
3.025000000000000000e+02 2.491250000000000000e+02
3.030000000000000000e+02 2.480000000000000000e+02
3.030000000000000000e+02 2.480000000000000000e+02
3.033750000000000000e+02 2.473750000000000000e+02
3.040000000000000000e+02 2.470000000000000000e+02
3.048750000000000000e+02 2.468750000000000000e+02
3.060000000000000000e+02 2.470000000000000000e+02
3.060000000000000000e+02 2.470000000000000000e+02
3.065000000000000000e+02 2.465000000000000000e+02
3.070000000000000000e+02 2.460000000000000000e+02
3.075000000000000000e+02 2.455000000000000000e+02
3.080000000000000000e+02 2.450000000000000000e+02
3.080000000000000000e+02 2.450000000000000000e+02
3.091250000000000000e+02 2.445000000000000000e+02
3.100000000000000000e+02 2.440000000000000000e+02
3.106250000000000000e+02 2.435000000000000000e+02
3.110000000000000000e+02 2.430000000000000000e+02
3.110000000000000000e+02 2.430000000000000000e+02
3.115000000000000000e+02 2.425000000000000000e+02
3.120000000000000000e+02 2.420000000000000000e+02
3.125000000000000000e+02 2.415000000000000000e+02
3.130000000000000000e+02 2.410000000000000000e+02
3.130000000000000000e+02 2.410000000000000000e+02
3.128750000000000000e+02 2.400000000000000000e+02
3.130000000000000000e+02 2.390000000000000000e+02
3.133750000000000000e+02 2.380000000000000000e+02
3.140000000000000000e+02 2.370000000000000000e+02
3.140000000000000000e+02 2.370000000000000000e+02
3.143750000000000000e+02 2.358750000000000000e+02
3.150000000000000000e+02 2.350000000000000000e+02
3.158750000000000000e+02 2.343750000000000000e+02
3.170000000000000000e+02 2.340000000000000000e+02
3.170000000000000000e+02 2.340000000000000000e+02
3.168750000000000000e+02 2.330000000000000000e+02
3.170000000000000000e+02 2.320000000000000000e+02
3.173750000000000000e+02 2.310000000000000000e+02
3.180000000000000000e+02 2.300000000000000000e+02
3.180000000000000000e+02 2.300000000000000000e+02
3.185000000000000000e+02 2.288750000000000000e+02
3.190000000000000000e+02 2.280000000000000000e+02
3.195000000000000000e+02 2.273750000000000000e+02
3.200000000000000000e+02 2.270000000000000000e+02
3.200000000000000000e+02 2.270000000000000000e+02
3.205000000000000000e+02 2.265000000000000000e+02
3.210000000000000000e+02 2.260000000000000000e+02
3.215000000000000000e+02 2.255000000000000000e+02
3.220000000000000000e+02 2.250000000000000000e+02
3.220000000000000000e+02 2.250000000000000000e+02
3.218750000000000000e+02 2.238750000000000000e+02
3.220000000000000000e+02 2.230000000000000000e+02
3.223750000000000000e+02 2.223750000000000000e+02
3.230000000000000000e+02 2.220000000000000000e+02
3.230000000000000000e+02 2.220000000000000000e+02
3.230000000000000000e+02 2.210000000000000000e+02
3.230000000000000000e+02 2.200000000000000000e+02
3.230000000000000000e+02 2.190000000000000000e+02
3.230000000000000000e+02 2.180000000000000000e+02
3.230000000000000000e+02 2.180000000000000000e+02
3.236250000000000000e+02 2.170000000000000000e+02
3.240000000000000000e+02 2.160000000000000000e+02
3.241250000000000000e+02 2.150000000000000000e+02
3.240000000000000000e+02 2.140000000000000000e+02
3.240000000000000000e+02 2.140000000000000000e+02
3.245000000000000000e+02 2.135000000000000000e+02
3.250000000000000000e+02 2.130000000000000000e+02
3.255000000000000000e+02 2.125000000000000000e+02
3.260000000000000000e+02 2.120000000000000000e+02
3.260000000000000000e+02 2.120000000000000000e+02
3.258750000000000000e+02 2.110000000000000000e+02
3.260000000000000000e+02 2.100000000000000000e+02
3.263750000000000000e+02 2.090000000000000000e+02
3.270000000000000000e+02 2.080000000000000000e+02
3.270000000000000000e+02 2.080000000000000000e+02
3.268750000000000000e+02 2.068750000000000000e+02
3.270000000000000000e+02 2.060000000000000000e+02
3.273750000000000000e+02 2.053750000000000000e+02
3.280000000000000000e+02 2.050000000000000000e+02
3.280000000000000000e+02 2.050000000000000000e+02
3.286250000000000000e+02 2.040000000000000000e+02
3.290000000000000000e+02 2.030000000000000000e+02
3.291250000000000000e+02 2.020000000000000000e+02
3.290000000000000000e+02 2.010000000000000000e+02
3.290000000000000000e+02 2.010000000000000000e+02
3.295000000000000000e+02 2.005000000000000000e+02
3.300000000000000000e+02 2.000000000000000000e+02
3.305000000000000000e+02 1.995000000000000000e+02
3.310000000000000000e+02 1.990000000000000000e+02
3.310000000000000000e+02 1.990000000000000000e+02
3.310000000000000000e+02 1.980000000000000000e+02
3.310000000000000000e+02 1.970000000000000000e+02
3.310000000000000000e+02 1.960000000000000000e+02
3.310000000000000000e+02 1.950000000000000000e+02
3.310000000000000000e+02 1.950000000000000000e+02
3.308750000000000000e+02 1.940000000000000000e+02
3.310000000000000000e+02 1.930000000000000000e+02
3.313750000000000000e+02 1.920000000000000000e+02
3.320000000000000000e+02 1.910000000000000000e+02
3.320000000000000000e+02 1.910000000000000000e+02
3.320000000000000000e+02 1.900000000000000000e+02
3.320000000000000000e+02 1.890000000000000000e+02
3.320000000000000000e+02 1.880000000000000000e+02
3.320000000000000000e+02 1.870000000000000000e+02
3.320000000000000000e+02 1.870000000000000000e+02
3.318750000000000000e+02 1.860000000000000000e+02
3.320000000000000000e+02 1.850000000000000000e+02
3.323750000000000000e+02 1.840000000000000000e+02
3.330000000000000000e+02 1.830000000000000000e+02
3.330000000000000000e+02 1.830000000000000000e+02
3.336250000000000000e+02 1.826250000000000000e+02
3.340000000000000000e+02 1.820000000000000000e+02
3.341250000000000000e+02 1.811250000000000000e+02
3.340000000000000000e+02 1.800000000000000000e+02
3.340000000000000000e+02 1.800000000000000000e+02
3.346250000000000000e+02 1.790000000000000000e+02
3.350000000000000000e+02 1.780000000000000000e+02
3.351250000000000000e+02 1.770000000000000000e+02
3.350000000000000000e+02 1.760000000000000000e+02
3.350000000000000000e+02 1.760000000000000000e+02
3.348750000000000000e+02 1.750000000000000000e+02
3.350000000000000000e+02 1.740000000000000000e+02
3.353750000000000000e+02 1.730000000000000000e+02
3.360000000000000000e+02 1.720000000000000000e+02
3.360000000000000000e+02 1.720000000000000000e+02
3.360000000000000000e+02 1.710000000000000000e+02
3.360000000000000000e+02 1.700000000000000000e+02
3.360000000000000000e+02 1.690000000000000000e+02
3.360000000000000000e+02 1.680000000000000000e+02
3.360000000000000000e+02 1.680000000000000000e+02
3.360000000000000000e+02 1.670000000000000000e+02
3.360000000000000000e+02 1.660000000000000000e+02
3.360000000000000000e+02 1.650000000000000000e+02
3.360000000000000000e+02 1.640000000000000000e+02
3.360000000000000000e+02 1.640000000000000000e+02
3.360000000000000000e+02 1.630000000000000000e+02
3.360000000000000000e+02 1.620000000000000000e+02
3.360000000000000000e+02 1.610000000000000000e+02
3.360000000000000000e+02 1.600000000000000000e+02
3.360000000000000000e+02 1.600000000000000000e+02
3.360000000000000000e+02 1.590000000000000000e+02
3.360000000000000000e+02 1.580000000000000000e+02
3.360000000000000000e+02 1.570000000000000000e+02
3.360000000000000000e+02 1.560000000000000000e+02
3.360000000000000000e+02 1.560000000000000000e+02
3.360000000000000000e+02 1.550000000000000000e+02
3.360000000000000000e+02 1.540000000000000000e+02
3.360000000000000000e+02 1.530000000000000000e+02
3.360000000000000000e+02 1.520000000000000000e+02
3.360000000000000000e+02 1.520000000000000000e+02
3.353750000000000000e+02 1.510000000000000000e+02
3.350000000000000000e+02 1.500000000000000000e+02
3.348750000000000000e+02 1.490000000000000000e+02
3.350000000000000000e+02 1.480000000000000000e+02
3.350000000000000000e+02 1.480000000000000000e+02
3.343750000000000000e+02 1.470000000000000000e+02
3.340000000000000000e+02 1.460000000000000000e+02
3.338750000000000000e+02 1.450000000000000000e+02
3.340000000000000000e+02 1.440000000000000000e+02
3.340000000000000000e+02 1.440000000000000000e+02
3.341250000000000000e+02 1.431250000000000000e+02
3.340000000000000000e+02 1.420000000000000000e+02
3.336250000000000000e+02 1.406250000000000000e+02
3.330000000000000000e+02 1.390000000000000000e+02
3.330000000000000000e+02 1.390000000000000000e+02
3.325000000000000000e+02 1.385000000000000000e+02
3.320000000000000000e+02 1.380000000000000000e+02
3.315000000000000000e+02 1.375000000000000000e+02
3.310000000000000000e+02 1.370000000000000000e+02
3.310000000000000000e+02 1.370000000000000000e+02
3.310000000000000000e+02 1.360000000000000000e+02
3.310000000000000000e+02 1.350000000000000000e+02
3.310000000000000000e+02 1.340000000000000000e+02
3.310000000000000000e+02 1.330000000000000000e+02
3.310000000000000000e+02 1.330000000000000000e+02
3.303750000000000000e+02 1.313750000000000000e+02
3.300000000000000000e+02 1.300000000000000000e+02
3.298750000000000000e+02 1.288750000000000000e+02
3.300000000000000000e+02 1.280000000000000000e+02
3.300000000000000000e+02 1.280000000000000000e+02
3.295000000000000000e+02 1.276250000000000000e+02
3.290000000000000000e+02 1.270000000000000000e+02
3.285000000000000000e+02 1.261250000000000000e+02
3.280000000000000000e+02 1.250000000000000000e+02
3.280000000000000000e+02 1.250000000000000000e+02
3.268750000000000000e+02 1.246250000000000000e+02
3.260000000000000000e+02 1.240000000000000000e+02
3.253750000000000000e+02 1.231250000000000000e+02
3.250000000000000000e+02 1.220000000000000000e+02
3.250000000000000000e+02 1.220000000000000000e+02
3.245000000000000000e+02 1.210000000000000000e+02
3.240000000000000000e+02 1.200000000000000000e+02
3.235000000000000000e+02 1.190000000000000000e+02
3.230000000000000000e+02 1.180000000000000000e+02
3.230000000000000000e+02 1.180000000000000000e+02
3.225000000000000000e+02 1.175000000000000000e+02
3.220000000000000000e+02 1.170000000000000000e+02
3.215000000000000000e+02 1.165000000000000000e+02
3.210000000000000000e+02 1.160000000000000000e+02
3.210000000000000000e+02 1.160000000000000000e+02
3.205000000000000000e+02 1.150000000000000000e+02
3.200000000000000000e+02 1.140000000000000000e+02
3.195000000000000000e+02 1.130000000000000000e+02
3.190000000000000000e+02 1.120000000000000000e+02
3.190000000000000000e+02 1.120000000000000000e+02
3.186250000000000000e+02 1.108750000000000000e+02
3.180000000000000000e+02 1.100000000000000000e+02
3.171250000000000000e+02 1.093750000000000000e+02
3.160000000000000000e+02 1.090000000000000000e+02
3.160000000000000000e+02 1.090000000000000000e+02
3.155000000000000000e+02 1.078750000000000000e+02
3.150000000000000000e+02 1.070000000000000000e+02
3.145000000000000000e+02 1.063750000000000000e+02
3.140000000000000000e+02 1.060000000000000000e+02
3.140000000000000000e+02 1.060000000000000000e+02
3.136250000000000000e+02 1.055000000000000000e+02
3.130000000000000000e+02 1.050000000000000000e+02
3.121250000000000000e+02 1.045000000000000000e+02
3.110000000000000000e+02 1.040000000000000000e+02
3.110000000000000000e+02 1.040000000000000000e+02
3.105000000000000000e+02 1.028750000000000000e+02
3.100000000000000000e+02 1.020000000000000000e+02
3.095000000000000000e+02 1.013750000000000000e+02
3.090000000000000000e+02 1.010000000000000000e+02
3.090000000000000000e+02 1.010000000000000000e+02
3.086250000000000000e+02 1.005000000000000000e+02
3.080000000000000000e+02 1.000000000000000000e+02
3.071250000000000000e+02 9.950000000000000000e+01
3.060000000000000000e+02 9.900000000000000000e+01
3.060000000000000000e+02 9.900000000000000000e+01
3.055000000000000000e+02 9.787500000000000000e+01
3.050000000000000000e+02 9.700000000000000000e+01
3.045000000000000000e+02 9.637500000000000000e+01
3.040000000000000000e+02 9.600000000000000000e+01
3.040000000000000000e+02 9.600000000000000000e+01
3.036250000000000000e+02 9.550000000000000000e+01
3.030000000000000000e+02 9.500000000000000000e+01
3.021250000000000000e+02 9.450000000000000000e+01
3.010000000000000000e+02 9.400000000000000000e+01
3.010000000000000000e+02 9.400000000000000000e+01
3.005000000000000000e+02 9.287500000000000000e+01
3.000000000000000000e+02 9.200000000000000000e+01
2.995000000000000000e+02 9.137500000000000000e+01
2.990000000000000000e+02 9.100000000000000000e+01
2.990000000000000000e+02 9.100000000000000000e+01
2.987500000000000000e+02 9.050000000000000000e+01
2.980000000000000000e+02 9.000000000000000000e+01
2.967500000000000000e+02 8.950000000000000000e+01
2.950000000000000000e+02 8.900000000000000000e+01
2.950000000000000000e+02 8.900000000000000000e+01
2.945000000000000000e+02 8.787500000000000000e+01
2.940000000000000000e+02 8.700000000000000000e+01
2.935000000000000000e+02 8.637500000000000000e+01
2.930000000000000000e+02 8.600000000000000000e+01
2.930000000000000000e+02 8.600000000000000000e+01
2.920000000000000000e+02 8.550000000000000000e+01
2.910000000000000000e+02 8.500000000000000000e+01
2.900000000000000000e+02 8.450000000000000000e+01
2.890000000000000000e+02 8.400000000000000000e+01
2.890000000000000000e+02 8.400000000000000000e+01
2.885000000000000000e+02 8.350000000000000000e+01
2.880000000000000000e+02 8.300000000000000000e+01
2.875000000000000000e+02 8.250000000000000000e+01
2.870000000000000000e+02 8.200000000000000000e+01
2.870000000000000000e+02 8.200000000000000000e+01
2.858750000000000000e+02 8.150000000000000000e+01
2.850000000000000000e+02 8.100000000000000000e+01
2.843750000000000000e+02 8.050000000000000000e+01
2.840000000000000000e+02 8.000000000000000000e+01
2.840000000000000000e+02 8.000000000000000000e+01
2.828750000000000000e+02 7.962500000000000000e+01
2.820000000000000000e+02 7.900000000000000000e+01
2.813750000000000000e+02 7.812500000000000000e+01
2.810000000000000000e+02 7.700000000000000000e+01
2.810000000000000000e+02 7.700000000000000000e+01
2.800000000000000000e+02 7.637500000000000000e+01
2.790000000000000000e+02 7.600000000000000000e+01
2.780000000000000000e+02 7.587500000000000000e+01
2.770000000000000000e+02 7.600000000000000000e+01
2.770000000000000000e+02 7.600000000000000000e+01
2.766250000000000000e+02 7.550000000000000000e+01
2.760000000000000000e+02 7.500000000000000000e+01
2.751250000000000000e+02 7.450000000000000000e+01
2.740000000000000000e+02 7.400000000000000000e+01
2.740000000000000000e+02 7.400000000000000000e+01
2.735000000000000000e+02 7.350000000000000000e+01
2.730000000000000000e+02 7.300000000000000000e+01
2.725000000000000000e+02 7.250000000000000000e+01
2.720000000000000000e+02 7.200000000000000000e+01
2.720000000000000000e+02 7.200000000000000000e+01
2.708750000000000000e+02 7.150000000000000000e+01
2.700000000000000000e+02 7.100000000000000000e+01
2.693750000000000000e+02 7.050000000000000000e+01
2.690000000000000000e+02 7.000000000000000000e+01
2.690000000000000000e+02 7.000000000000000000e+01
2.678750000000000000e+02 6.950000000000000000e+01
2.670000000000000000e+02 6.900000000000000000e+01
2.663750000000000000e+02 6.850000000000000000e+01
2.660000000000000000e+02 6.800000000000000000e+01
2.660000000000000000e+02 6.800000000000000000e+01
2.650000000000000000e+02 6.800000000000000000e+01
2.640000000000000000e+02 6.800000000000000000e+01
2.630000000000000000e+02 6.800000000000000000e+01
2.620000000000000000e+02 6.800000000000000000e+01
2.620000000000000000e+02 6.800000000000000000e+01
2.610000000000000000e+02 6.800000000000000000e+01
2.600000000000000000e+02 6.800000000000000000e+01
2.590000000000000000e+02 6.800000000000000000e+01
2.580000000000000000e+02 6.800000000000000000e+01
2.580000000000000000e+02 6.800000000000000000e+01
2.570000000000000000e+02 6.800000000000000000e+01
2.560000000000000000e+02 6.800000000000000000e+01
2.550000000000000000e+02 6.800000000000000000e+01
2.540000000000000000e+02 6.800000000000000000e+01
2.540000000000000000e+02 6.800000000000000000e+01
2.530000000000000000e+02 6.800000000000000000e+01
2.520000000000000000e+02 6.800000000000000000e+01
2.510000000000000000e+02 6.800000000000000000e+01
2.500000000000000000e+02 6.800000000000000000e+01
2.500000000000000000e+02 6.800000000000000000e+01
2.490000000000000000e+02 6.800000000000000000e+01
2.480000000000000000e+02 6.800000000000000000e+01
2.470000000000000000e+02 6.800000000000000000e+01
2.460000000000000000e+02 6.800000000000000000e+01
2.460000000000000000e+02 6.800000000000000000e+01
2.451250000000000000e+02 6.812500000000000000e+01
2.440000000000000000e+02 6.800000000000000000e+01
2.426250000000000000e+02 6.762500000000000000e+01
2.410000000000000000e+02 6.700000000000000000e+01
2.410000000000000000e+02 6.700000000000000000e+01
2.400000000000000000e+02 6.637500000000000000e+01
2.390000000000000000e+02 6.600000000000000000e+01
2.380000000000000000e+02 6.587500000000000000e+01
2.370000000000000000e+02 6.600000000000000000e+01
2.370000000000000000e+02 6.600000000000000000e+01
2.360000000000000000e+02 6.600000000000000000e+01
2.350000000000000000e+02 6.600000000000000000e+01
2.340000000000000000e+02 6.600000000000000000e+01
2.330000000000000000e+02 6.600000000000000000e+01
2.330000000000000000e+02 6.600000000000000000e+01
2.320000000000000000e+02 6.600000000000000000e+01
2.310000000000000000e+02 6.600000000000000000e+01
2.300000000000000000e+02 6.600000000000000000e+01
2.290000000000000000e+02 6.600000000000000000e+01
2.290000000000000000e+02 6.600000000000000000e+01
2.280000000000000000e+02 6.600000000000000000e+01
2.270000000000000000e+02 6.600000000000000000e+01
2.260000000000000000e+02 6.600000000000000000e+01
2.250000000000000000e+02 6.600000000000000000e+01
2.250000000000000000e+02 6.600000000000000000e+01
2.240000000000000000e+02 6.600000000000000000e+01
2.230000000000000000e+02 6.600000000000000000e+01
2.220000000000000000e+02 6.600000000000000000e+01
2.210000000000000000e+02 6.600000000000000000e+01
2.210000000000000000e+02 6.600000000000000000e+01
2.200000000000000000e+02 6.600000000000000000e+01
2.190000000000000000e+02 6.600000000000000000e+01
2.180000000000000000e+02 6.600000000000000000e+01
2.170000000000000000e+02 6.600000000000000000e+01
2.170000000000000000e+02 6.600000000000000000e+01
2.160000000000000000e+02 6.612500000000000000e+01
2.150000000000000000e+02 6.600000000000000000e+01
2.140000000000000000e+02 6.562500000000000000e+01
2.130000000000000000e+02 6.500000000000000000e+01
2.130000000000000000e+02 6.500000000000000000e+01
2.118750000000000000e+02 6.512500000000000000e+01
2.110000000000000000e+02 6.500000000000000000e+01
2.103750000000000000e+02 6.462500000000000000e+01
2.100000000000000000e+02 6.400000000000000000e+01
2.100000000000000000e+02 6.400000000000000000e+01
2.096250000000000000e+02 6.337500000000000000e+01
2.090000000000000000e+02 6.300000000000000000e+01
2.081250000000000000e+02 6.287500000000000000e+01
2.070000000000000000e+02 6.300000000000000000e+01
2.070000000000000000e+02 6.300000000000000000e+01
2.060000000000000000e+02 6.300000000000000000e+01
2.050000000000000000e+02 6.300000000000000000e+01
2.040000000000000000e+02 6.300000000000000000e+01
2.030000000000000000e+02 6.300000000000000000e+01
