1.680000000000000000e+02 1.680000000000000000e+02
1.680359578365477660e+02 1.678921264903567305e+02
1.680719156730955319e+02 1.677842529807134611e+02
1.681078735096432979e+02 1.676763794710701916e+02
1.681438313461910639e+02 1.675685059614269221e+02
1.681438313461910639e+02 1.675685059614269221e+02
1.681797891827388298e+02 1.674606324517836526e+02
1.682157470192865958e+02 1.673527589421403832e+02
1.682517048558343618e+02 1.672448854324971137e+02
1.682876626923821277e+02 1.671370119228538442e+02
1.682876626923821277e+02 1.671370119228538442e+02
1.683502670310127201e+02 1.669491989069620672e+02
1.684015148329770852e+02 1.667954555010689717e+02
1.684422163403113473e+02 1.666733509790661572e+02
1.684739988778860038e+02 1.665780033663422159e+02
1.684739988778860038e+02 1.665780033663422159e+02
1.684994249079457234e+02 1.665017252761630573e+02
1.685248509380054429e+02 1.664254471859838986e+02
1.685502769680651625e+02 1.663491690958047400e+02
1.685757029981248820e+02 1.662728910056255813e+02
1.685757029981248820e+02 1.662728910056255813e+02
1.686116608346726480e+02 1.661650174959823119e+02
1.686476186712204139e+02 1.660571439863390424e+02
1.686835765077681799e+02 1.659492704766957729e+02
1.687195343443159459e+02 1.658413969670525034e+02
1.687195343443159459e+02 1.658413969670525034e+02
1.687554921808637118e+02 1.657335234574092340e+02
1.687914500174114778e+02 1.656256499477659645e+02
1.688274078539592438e+02 1.655177764381226950e+02
1.688633656905070097e+02 1.654099029284794256e+02
1.688633656905070097e+02 1.654099029284794256e+02
1.689040671978412718e+02 1.652877984064766110e+02
1.689358497354159283e+02 1.651924507937526698e+02
1.689620582873100147e+02 1.651138251380704105e+02
1.689882668392041012e+02 1.650351994823881512e+02
1.689882668392041012e+02 1.650351994823881512e+02
1.690200493767787577e+02 1.649398518696642100e+02
1.690607508841130198e+02 1.648177473476613955e+02
1.691119986860773849e+02 1.646640039417682999e+02
1.691746030247079773e+02 1.644761909258765229e+02
1.691746030247079773e+02 1.644761909258765229e+02
1.692000290547676968e+02 1.643999128356973642e+02
1.692254550848274164e+02 1.643236347455182056e+02
1.692508811148871359e+02 1.642473566553390469e+02
1.692763071449468555e+02 1.641710785651598883e+02
1.692763071449468555e+02 1.641710785651598883e+02
1.693017331750065750e+02 1.640948004749807296e+02
1.693271592050662946e+02 1.640185223848015710e+02
1.693525852351260141e+02 1.639422442946224123e+02
1.693780112651857337e+02 1.638659662044432537e+02
1.693780112651857337e+02 1.638659662044432537e+02
1.694034372952454532e+02 1.637896881142640950e+02
1.694288633253051728e+02 1.637134100240849364e+02
1.694542893553648923e+02 1.636371319339057777e+02
1.694797153854246119e+02 1.635608538437266191e+02
1.694797153854246119e+02 1.635608538437266191e+02
1.695051414154843314e+02 1.634845757535474604e+02
1.695305674455440510e+02 1.634082976633683018e+02
1.695559934756037705e+02 1.633320195731891431e+02
1.695814195056634901e+02 1.632557414830099844e+02
1.695814195056634901e+02 1.632557414830099844e+02
1.696038931535058509e+02 1.631883205394829304e+02
1.696326734653464143e+02 1.631019796039612118e+02
1.696689111336363283e+02 1.629932665990914984e+02
1.697131790860137244e+02 1.628604627419593385e+02
1.697131790860137244e+02 1.628604627419593385e+02
1.697538805933479864e+02 1.627383582199565240e+02
1.697856631309226429e+02 1.626430106072325827e+02
1.698118716828167294e+02 1.625643849515503234e+02
1.698380802347108158e+02 1.624857592958680641e+02
1.698380802347108158e+02 1.624857592958680641e+02
1.698743179030007298e+02 1.623770462909983507e+02
1.699105555712906437e+02 1.622683332861286374e+02
1.699489585575578303e+02 1.621531243273270491e+02
1.699913617515004773e+02 1.620259147454991080e+02
1.699913617515004773e+02 1.620259147454991080e+02
1.700167877815601969e+02 1.619496366553199493e+02
1.700422138116199164e+02 1.618733585651407907e+02
1.700676398416796360e+02 1.617970804749616320e+02
1.700930658717393555e+02 1.617208023847824734e+02
1.700930658717393555e+02 1.617208023847824734e+02
1.701337673790736176e+02 1.615986978627796589e+02
1.701655499166482741e+02 1.615033502500557177e+02
1.701917584685423606e+02 1.614247245943734583e+02
1.702179670204364470e+02 1.613460989386911990e+02
1.702179670204364470e+02 1.613460989386911990e+02
1.702539248569842130e+02 1.612382254290479295e+02
1.702898826935319789e+02 1.611303519194046601e+02
1.703258405300797449e+02 1.610224784097613906e+02
1.703617983666275109e+02 1.609146049001181211e+02
1.703617983666275109e+02 1.609146049001181211e+02
1.703977562031752768e+02 1.608067313904748517e+02
1.704337140397230428e+02 1.606988578808315822e+02
1.704696718762708088e+02 1.605909843711883127e+02
1.705056297128185747e+02 1.604831108615450432e+02
1.705056297128185747e+02 1.604831108615450432e+02
1.705415875493663407e+02 1.603752373519017738e+02
1.705775453859141066e+02 1.602673638422585043e+02
1.706135032224618726e+02 1.601594903326152348e+02
1.706494610590096386e+02 1.600516168229719653e+02
1.706494610590096386e+02 1.600516168229719653e+02
1.706854188955574045e+02 1.599437433133286959e+02
1.707213767321051705e+02 1.598358698036854264e+02
1.707573345686529365e+02 1.597279962940421569e+02
1.707932924052007024e+02 1.596201227843988875e+02
1.707932924052007024e+02 1.596201227843988875e+02
1.708292502417484684e+02 1.595122492747556180e+02
1.708652080782962344e+02 1.594043757651123485e+02
1.709011659148440003e+02 1.592965022554690790e+02
1.709371237513917663e+02 1.591886287458258096e+02
1.709371237513917663e+02 1.591886287458258096e+02
1.709730815879395323e+02 1.590807552361825401e+02
1.710090394244872982e+02 1.589728817265392706e+02
1.710449972610350642e+02 1.588650082168960012e+02
1.710809550975828301e+02 1.587571347072527317e+02
1.710809550975828301e+02 1.587571347072527317e+02
1.711169129341305961e+02 1.586492611976094622e+02
1.711528707706783621e+02 1.585413876879661927e+02
1.711888286072261280e+02 1.584335141783229233e+02
1.712247864437738940e+02 1.583256406686796538e+02
1.712247864437738940e+02 1.583256406686796538e+02
1.712671896377165410e+02 1.581984310868517127e+02
1.713055926239837277e+02 1.580832221280501244e+02
1.713418302922736416e+02 1.579745091231804111e+02
1.713780679605635555e+02 1.578657961183106977e+02
1.713780679605635555e+02 1.578657961183106977e+02
1.714140257971113215e+02 1.577579226086674282e+02
1.714499836336590874e+02 1.576500490990241587e+02
1.714859414702068534e+02 1.575421755893808893e+02
1.715218993067546194e+02 1.574343020797376198e+02
1.715218993067546194e+02 1.574343020797376198e+02
1.715578571433023853e+02 1.573264285700943503e+02
1.715938149798501513e+02 1.572185550604510809e+02
1.716297728163979173e+02 1.571106815508078114e+02
1.716657306529456832e+02 1.570028080411645419e+02
1.716657306529456832e+02 1.570028080411645419e+02
1.717081338468883303e+02 1.568755984593366009e+02
1.717465368331555169e+02 1.567603895005350125e+02
1.717827745014454308e+02 1.566516764956652992e+02
1.718190121697353447e+02 1.565429634907955858e+02
1.718190121697353447e+02 1.565429634907955858e+02
1.718414858175777056e+02 1.564755425472685317e+02
1.718702661294182690e+02 1.563892016117468131e+02
1.719065037977081829e+02 1.562804886068770998e+02
1.719507717500855790e+02 1.561476847497449398e+02
1.719507717500855790e+02 1.561476847497449398e+02
1.719732453979279398e+02 1.560802638062178858e+02
1.720020257097685032e+02 1.559939228706961671e+02
1.720382633780584172e+02 1.558852098658264538e+02
1.720825313304358133e+02 1.557524060086942939e+02
1.720825313304358133e+02 1.557524060086942939e+02
1.721267992828132094e+02 1.556196021515621339e+02
1.721630369511031233e+02 1.555108891466924206e+02
1.721918172629436867e+02 1.554245482111707020e+02
1.722142909107860476e+02 1.553571272676436479e+02
1.722142909107860476e+02 1.553571272676436479e+02
1.722549924181203096e+02 1.552350227456408334e+02
1.722867749556949661e+02 1.551396751329168922e+02
1.723129835075890526e+02 1.550610494772346328e+02
1.723391920594831390e+02 1.549824238215523735e+02
1.723391920594831390e+02 1.549824238215523735e+02
1.723646180895428586e+02 1.549061457313732149e+02
1.723900441196025781e+02 1.548298676411940562e+02
1.724154701496622977e+02 1.547535895510148976e+02
1.724408961797220172e+02 1.546773114608357389e+02
1.724408961797220172e+02 1.546773114608357389e+02
1.724633698275643781e+02 1.546098905173086848e+02
1.724921501394049415e+02 1.545235495817869662e+02
1.725283878076948554e+02 1.544148365769172528e+02
1.725726557600722515e+02 1.542820327197850929e+02
1.725726557600722515e+02 1.542820327197850929e+02
1.726169237124496476e+02 1.541492288626529330e+02
1.726531613807395615e+02 1.540405158577832196e+02
1.726819416925801249e+02 1.539541749222615010e+02
1.727044153404224858e+02 1.538867539787344469e+02
1.727044153404224858e+02 1.538867539787344469e+02
1.727268889882648466e+02 1.538193330352073929e+02
1.727556693001054100e+02 1.537329920996856742e+02
1.727919069683953239e+02 1.536242790948159609e+02
1.728361749207727200e+02 1.534914752376838010e+02
1.728361749207727200e+02 1.534914752376838010e+02
1.728763770041950352e+02 1.533708689874168840e+02
1.729165790876173503e+02 1.532502627371499671e+02
1.729567811710396654e+02 1.531296564868830501e+02
1.729969832544619806e+02 1.530090502366161331e+02
1.729969832544619806e+02 1.530090502366161331e+02
1.730329410910097465e+02 1.529011767269728637e+02
1.730688989275575125e+02 1.527933032173295942e+02
1.731048567641052784e+02 1.526854297076863247e+02
1.731408146006530444e+02 1.525775561980430552e+02
1.731408146006530444e+02 1.525775561980430552e+02
1.731770522689429583e+02 1.524688431931733419e+02
1.732132899372328723e+02 1.523601301883036285e+02
1.732516929235000589e+02 1.522449212295020402e+02
1.732940961174427059e+02 1.521177116476740991e+02
1.732940961174427059e+02 1.521177116476740991e+02
1.733195221475024255e+02 1.520414335574949405e+02
1.733449481775621450e+02 1.519651554673157818e+02
1.733703742076218646e+02 1.518888773771366232e+02
1.733958002376815841e+02 1.518125992869574645e+02
1.733958002376815841e+02 1.518125992869574645e+02
1.734220087895756706e+02 1.517339736312752052e+02
1.734482173414697570e+02 1.516553479755929459e+02
1.734799998790444135e+02 1.515600003628690047e+02
1.735207013863786756e+02 1.514378958408661902e+02
1.735207013863786756e+02 1.514378958408661902e+02
1.735566592229264415e+02 1.513300223312229207e+02
1.735926170594742075e+02 1.512221488215796512e+02
1.736285748960219735e+02 1.511142753119363817e+02
1.736645327325697394e+02 1.510064018022931123e+02
1.736645327325697394e+02 1.510064018022931123e+02
1.737004905691175054e+02 1.508985282926498428e+02
1.737364484056652714e+02 1.507906547830065733e+02
1.737724062422130373e+02 1.506827812733633039e+02
1.738083640787608033e+02 1.505749077637200344e+02
1.738083640787608033e+02 1.505749077637200344e+02
1.738443219153085693e+02 1.504670342540767649e+02
1.738802797518563352e+02 1.503591607444334954e+02
1.739162375884041012e+02 1.502512872347902260e+02
1.739521954249518672e+02 1.501434137251469565e+02
1.739521954249518672e+02 1.501434137251469565e+02
1.739881532614996331e+02 1.500355402155036870e+02
1.740241110980473991e+02 1.499276667058604176e+02
1.740600689345951650e+02 1.498197931962171481e+02
1.740960267711429310e+02 1.497119196865738786e+02
1.740960267711429310e+02 1.497119196865738786e+02
1.741319846076906970e+02 1.496040461769306091e+02
1.741679424442384629e+02 1.494961726672873397e+02
1.742039002807862289e+02 1.493882991576440702e+02
1.742398581173339949e+02 1.492804256480008007e+02
1.742398581173339949e+02 1.492804256480008007e+02
1.742758159538817608e+02 1.491725521383575312e+02
1.743117737904295268e+02 1.490646786287142618e+02
1.743477316269772928e+02 1.489568051190709923e+02
1.743836894635250587e+02 1.488489316094277228e+02
1.743836894635250587e+02 1.488489316094277228e+02
1.744154720010997153e+02 1.487535839967037816e+02
1.744561735084339773e+02 1.486314794747009671e+02
1.745074213103983425e+02 1.484777360688078716e+02
1.745700256490289348e+02 1.482899230529160945e+02
1.745700256490289348e+02 1.482899230529160945e+02
1.746107271563631969e+02 1.481678185309132800e+02
1.746425096939378534e+02 1.480724709181893388e+02
1.746687182458319398e+02 1.479938452625070795e+02
1.746949267977260263e+02 1.479152196068248202e+02
1.746949267977260263e+02 1.479152196068248202e+02
1.747311644660159402e+02 1.478065066019551068e+02
1.747754324183933363e+02 1.476737027448229469e+02
1.748280418791721047e+02 1.475158743624866133e+02
1.748891768108424003e+02 1.473324695674757550e+02
1.748891768108424003e+02 1.473324695674757550e+02
1.749146028409021199e+02 1.472561914772965963e+02
1.749400288709618394e+02 1.471799133871174377e+02
1.749654549010215590e+02 1.471036352969382790e+02
1.749908809310812785e+02 1.470273572067591203e+02
1.749908809310812785e+02 1.470273572067591203e+02
1.750351488834586746e+02 1.468945533496269604e+02
1.750713865517485885e+02 1.467858403447572471e+02
1.751001668635891519e+02 1.466994994092355284e+02
1.751226405114315128e+02 1.466320784657084744e+02
1.751226405114315128e+02 1.466320784657084744e+02
1.751633420187657748e+02 1.465099739437056598e+02
1.751951245563404314e+02 1.464146263309817186e+02
1.752213331082345178e+02 1.463360006752994593e+02
1.752475416601286042e+02 1.462573750196172000e+02
1.752475416601286042e+02 1.462573750196172000e+02
1.752729676901883238e+02 1.461810969294380413e+02
1.752983937202480433e+02 1.461048188392588827e+02
1.753238197503077629e+02 1.460285407490797240e+02
1.753492457803674824e+02 1.459522626589005654e+02
1.753492457803674824e+02 1.459522626589005654e+02
1.753717194282098433e+02 1.458848417153735113e+02
1.754004997400504067e+02 1.457985007798517927e+02
1.754367374083403206e+02 1.456897877749820793e+02
1.754810053607177167e+02 1.455569839178499194e+02
1.754810053607177167e+02 1.455569839178499194e+02
1.755034790085600775e+02 1.454895629743228653e+02
1.755322593204006409e+02 1.454032220388011467e+02
1.755684969886905549e+02 1.452945090339314334e+02
1.756127649410679510e+02 1.451617051767992734e+02
1.756127649410679510e+02 1.451617051767992734e+02
1.756570328934453471e+02 1.450289013196671135e+02
1.756932705617352610e+02 1.449201883147974002e+02
1.757220508735758244e+02 1.448338473792756815e+02
1.757445245214181853e+02 1.447664264357486275e+02
1.757445245214181853e+02 1.447664264357486275e+02
1.757699505514779048e+02 1.446901483455694688e+02
1.757953765815376244e+02 1.446138702553903101e+02
1.758208026115973439e+02 1.445375921652111515e+02
1.758462286416570635e+02 1.444613140750319928e+02
1.758462286416570635e+02 1.444613140750319928e+02
1.758716546717167830e+02 1.443850359848528342e+02
1.758970807017765026e+02 1.443087578946736755e+02
1.759225067318362221e+02 1.442324798044945169e+02
1.759479327618959417e+02 1.441562017143153582e+02
1.759479327618959417e+02 1.441562017143153582e+02
1.759733587919556612e+02 1.440799236241361996e+02
1.759987848220153808e+02 1.440036455339570409e+02
1.760242108520751003e+02 1.439273674437778823e+02
1.760496368821348199e+02 1.438510893535987236e+02
1.760496368821348199e+02 1.438510893535987236e+02
1.760750629121945394e+02 1.437748112634195650e+02
1.761004889422542590e+02 1.436985331732404063e+02
1.761259149723139785e+02 1.436222550830612477e+02
1.761513410023736981e+02 1.435459769928820890e+02
1.761513410023736981e+02 1.435459769928820890e+02
1.761872988389214640e+02 1.434381034832388195e+02
1.762232566754692300e+02 1.433302299735955501e+02
1.762592145120169960e+02 1.432223564639522806e+02
1.762951723485647619e+02 1.431144829543090111e+02
1.762951723485647619e+02 1.431144829543090111e+02
1.763314100168546759e+02 1.430057699494392978e+02
1.763756779692320720e+02 1.428729660923071378e+02
1.764282874300108404e+02 1.427151377099708043e+02
1.764894223616811360e+02 1.425317329149599459e+02
1.764894223616811360e+02 1.425317329149599459e+02
1.765148483917408555e+02 1.424554548247807872e+02
1.765402744218005751e+02 1.423791767346016286e+02
1.765657004518602946e+02 1.423028986444224699e+02
1.765911264819200142e+02 1.422266205542433113e+02
1.765911264819200142e+02 1.422266205542433113e+02
1.766173350338141006e+02 1.421479948985610520e+02
1.766435435857081870e+02 1.420693692428787926e+02
1.766753261232828436e+02 1.419740216301548514e+02
1.767160276306171056e+02 1.418519171081520369e+02
1.767160276306171056e+02 1.418519171081520369e+02
1.767562297140394207e+02 1.417313108578851200e+02
1.767964317974617359e+02 1.416107046076182030e+02
1.768366338808840510e+02 1.414900983573512860e+02
1.768768359643063661e+02 1.413694921070843691e+02
1.768768359643063661e+02 1.413694921070843691e+02
1.769030445162004526e+02 1.412908664514021098e+02
1.769292530680945390e+02 1.412122407957198504e+02
1.769610356056691955e+02 1.411168931829959092e+02
1.770017371130034576e+02 1.409947886609930947e+02
1.770017371130034576e+02 1.409947886609930947e+02
1.770376949495512235e+02 1.408869151513498252e+02
1.770736527860989895e+02 1.407790416417065558e+02
1.771096106226467555e+02 1.406711681320632863e+02
1.771455684591945214e+02 1.405632946224200168e+02
1.771455684591945214e+02 1.405632946224200168e+02
1.771815262957422874e+02 1.404554211127767473e+02
1.772174841322900534e+02 1.403475476031334779e+02
1.772534419688378193e+02 1.402396740934902084e+02
1.772893998053855853e+02 1.401318005838469389e+02
1.772893998053855853e+02 1.401318005838469389e+02
1.773253576419333513e+02 1.400239270742036695e+02
1.773613154784811172e+02 1.399160535645604000e+02
1.773972733150288832e+02 1.398081800549171305e+02
1.774332311515766492e+02 1.397003065452738610e+02
1.774332311515766492e+02 1.397003065452738610e+02
1.774958354902072415e+02 1.395124935293820840e+02
1.775470832921716067e+02 1.393587501234889885e+02
1.775877847995058687e+02 1.392366456014861740e+02
1.776195673370805252e+02 1.391412979887622328e+02
1.776195673370805252e+02 1.391412979887622328e+02
1.776555251736282912e+02 1.390334244791189633e+02
1.776914830101760572e+02 1.389255509694756938e+02
1.777274408467238231e+02 1.388176774598324243e+02
1.777633986832715891e+02 1.387098039501891549e+02
1.777633986832715891e+02 1.387098039501891549e+02
1.777993565198193551e+02 1.386019304405458854e+02
1.778353143563671210e+02 1.384940569309026159e+02
1.778712721929148870e+02 1.383861834212593465e+02
1.779072300294626530e+02 1.382783099116160770e+02
1.779072300294626530e+02 1.382783099116160770e+02
1.779431878660104189e+02 1.381704364019728075e+02
1.779791457025581849e+02 1.380625628923295380e+02
1.780151035391059509e+02 1.379546893826862686e+02
1.780510613756537168e+02 1.378468158730429991e+02
1.780510613756537168e+02 1.378468158730429991e+02
1.780870192122014828e+02 1.377389423633997296e+02
1.781229770487492488e+02 1.376310688537564602e+02
1.781589348852970147e+02 1.375231953441131907e+02
1.781948927218447807e+02 1.374153218344699212e+02
1.781948927218447807e+02 1.374153218344699212e+02
1.782308505583925466e+02 1.373074483248266517e+02
1.782668083949403126e+02 1.371995748151833823e+02
1.783027662314880786e+02 1.370917013055401128e+02
1.783387240680358445e+02 1.369838277958968433e+02
1.783387240680358445e+02 1.369838277958968433e+02
1.783746819045836105e+02 1.368759542862535739e+02
1.784106397411313765e+02 1.367680807766103044e+02
1.784465975776791424e+02 1.366602072669670349e+02
1.784825554142269084e+02 1.365523337573237654e+02
1.784825554142269084e+02 1.365523337573237654e+02
1.785185132507746744e+02 1.364444602476804960e+02
1.785544710873224403e+02 1.363365867380372265e+02
1.785904289238702063e+02 1.362287132283939570e+02
1.786263867604179723e+02 1.361208397187506876e+02
1.786263867604179723e+02 1.361208397187506876e+02
1.786623445969657382e+02 1.360129662091074181e+02
1.786983024335135042e+02 1.359050926994641486e+02
1.787342602700612701e+02 1.357972191898208791e+02
1.787702181066090361e+02 1.356893456801776097e+02
1.787702181066090361e+02 1.356893456801776097e+02
1.788061759431568021e+02 1.355814721705343402e+02
1.788421337797045680e+02 1.354735986608910707e+02
1.788780916162523340e+02 1.353657251512478013e+02
1.789140494528001000e+02 1.352578516416045318e+02
1.789140494528001000e+02 1.352578516416045318e+02
1.789564526467427470e+02 1.351306420597765907e+02
1.789948556330099336e+02 1.350154331009750024e+02
1.790310933012998476e+02 1.349067200961052890e+02
1.790673309695897615e+02 1.347980070912355757e+02
1.790673309695897615e+02 1.347980070912355757e+02
1.790935395214838479e+02 1.347193814355533164e+02
1.791197480733779344e+02 1.346407557798710570e+02
1.791515306109525909e+02 1.345454081671471158e+02
1.791922321182868529e+02 1.344233036451443013e+02
1.791922321182868529e+02 1.344233036451443013e+02
1.792346353122295000e+02 1.342960940633163602e+02
1.792730382984966866e+02 1.341808851045147719e+02
1.793092759667866005e+02 1.340721720996450586e+02
1.793455136350765144e+02 1.339634590947753452e+02
1.793455136350765144e+02 1.339634590947753452e+02
1.793709396651362340e+02 1.338871810045961865e+02
1.793963656951959535e+02 1.338109029144170279e+02
1.794217917252556731e+02 1.337346248242378692e+02
1.794472177553153927e+02 1.336583467340587106e+02
1.794472177553153927e+02 1.336583467340587106e+02
1.794734263072094791e+02 1.335797210783764513e+02
1.794996348591035655e+02 1.335010954226941919e+02
1.795314173966782221e+02 1.334057478099702507e+02
1.795721189040124841e+02 1.332836432879674362e+02
1.795721189040124841e+02 1.332836432879674362e+02
1.796128204113467461e+02 1.331615387659646217e+02
1.796446029489214027e+02 1.330661911532406805e+02
1.796708115008154891e+02 1.329875654975584212e+02
1.796970200527095756e+02 1.329089398418761618e+02
1.796970200527095756e+02 1.329089398418761618e+02
1.797224460827692951e+02 1.328326617516970032e+02
1.797478721128290147e+02 1.327563836615178445e+02
1.797732981428887342e+02 1.326801055713386859e+02
1.797987241729484538e+02 1.326038274811595272e+02
1.797987241729484538e+02 1.326038274811595272e+02
1.798249327248425402e+02 1.325252018254772679e+02
1.798511412767366267e+02 1.324465761697950086e+02
1.798829238143112832e+02 1.323512285570710674e+02
1.799236253216455452e+02 1.322291240350682529e+02
1.799236253216455452e+02 1.322291240350682529e+02
1.799490513517052648e+02 1.321528459448890942e+02
1.799744773817649843e+02 1.320765678547099355e+02
1.799999034118247039e+02 1.320002897645307769e+02
1.800253294418844234e+02 1.319240116743516182e+02
1.800253294418844234e+02 1.319240116743516182e+02
1.800478030897267843e+02 1.318565907308245642e+02
1.800765834015673477e+02 1.317702497953028455e+02
1.801128210698572616e+02 1.316615367904331322e+02
1.801570890222346577e+02 1.315287329333009723e+02
1.801570890222346577e+02 1.315287329333009723e+02
1.802013569746120538e+02 1.313959290761688123e+02
1.802375946429019677e+02 1.312872160712990990e+02
1.802663749547425311e+02 1.312008751357773804e+02
1.802888486025848920e+02 1.311334541922503263e+02
1.802888486025848920e+02 1.311334541922503263e+02
1.803542928529470259e+02 1.309371214411639528e+02
1.804027025719264543e+02 1.307918922842256677e+02
1.804351145277833837e+02 1.306946564166548796e+02
1.804552155694945270e+02 1.306343532915214212e+02
1.804552155694945270e+02 1.306343532915214212e+02
1.804806415995542466e+02 1.305580752013422625e+02
1.805060676296139661e+02 1.304817971111631039e+02
1.805314936596736857e+02 1.304055190209839452e+02
1.805569196897334052e+02 1.303292409308047866e+02
1.805569196897334052e+02 1.303292409308047866e+02
1.805823457197931248e+02 1.302529628406256279e+02
1.806077717498528443e+02 1.301766847504464693e+02
1.806331977799125639e+02 1.301004066602673106e+02
1.806586238099722834e+02 1.300241285700881519e+02
1.806586238099722834e+02 1.300241285700881519e+02
1.806993253173065455e+02 1.299020240480853374e+02
1.807311078548812020e+02 1.298066764353613962e+02
1.807573164067752884e+02 1.297280507796791369e+02
1.807835249586693749e+02 1.296494251239968776e+02
1.807835249586693749e+02 1.296494251239968776e+02
1.808304513130388784e+02 1.295086460608883954e+02
1.808655562731943007e+02 1.294033311804221000e+02
1.808982783983753677e+02 1.293051648048789275e+02
1.809397177574553837e+02 1.291808467276388797e+02
1.809397177574553837e+02 1.291808467276388797e+02
1.809759554257452976e+02 1.290721337227691663e+02
1.810121930940352115e+02 1.289634207178994529e+02
1.810505960803023981e+02 1.288482117590978646e+02
1.810929992742450452e+02 1.287210021772699235e+02
1.810929992742450452e+02 1.287210021772699235e+02
1.811292369425349591e+02 1.286122891724002102e+02
1.811735048949123552e+02 1.284794853152680503e+02
1.812261143556911236e+02 1.283216569329317167e+02
1.812872492873614192e+02 1.281382521379208583e+02
1.812872492873614192e+02 1.281382521379208583e+02
1.813126753174211387e+02 1.280619740477416997e+02
1.813381013474808583e+02 1.279856959575625410e+02
1.813635273775405778e+02 1.279094178673833824e+02
1.813889534076002974e+02 1.278331397772042237e+02
1.813889534076002974e+02 1.278331397772042237e+02
1.814143794376600169e+02 1.277568616870250651e+02
1.814398054677197365e+02 1.276805835968459064e+02
1.814652314977794560e+02 1.276043055066667478e+02
1.814906575278391756e+02 1.275280274164875891e+02
1.814906575278391756e+02 1.275280274164875891e+02
1.815160835578988952e+02 1.274517493263084305e+02
1.815415095879586147e+02 1.273754712361292718e+02
1.815669356180183343e+02 1.272991931459501131e+02
1.815923616480780538e+02 1.272229150557709545e+02
1.815923616480780538e+02 1.272229150557709545e+02
1.816177876781377734e+02 1.271466369655917958e+02
1.816432137081974929e+02 1.270703588754126372e+02
1.816686397382572125e+02 1.269940807852334785e+02
1.816940657683169320e+02 1.269178026950543199e+02
1.816940657683169320e+02 1.269178026950543199e+02
1.817300236048646980e+02 1.268099291854110362e+02
1.817659814414124639e+02 1.267020556757677525e+02
1.818019392779602299e+02 1.265941821661244688e+02
1.818378971145079959e+02 1.264863086564811852e+02
1.818378971145079959e+02 1.264863086564811852e+02
1.818785986218422579e+02 1.263642041344783706e+02
1.819103811594169144e+02 1.262688565217544294e+02
1.819365897113110009e+02 1.261902308660721701e+02
1.819627982632050873e+02 1.261116052103899108e+02
1.819627982632050873e+02 1.261116052103899108e+02
1.819987560997528533e+02 1.260037317007466271e+02
1.820347139363006193e+02 1.258958581911033434e+02
1.820706717728483852e+02 1.257879846814600597e+02
1.821066296093961512e+02 1.256801111718167761e+02
1.821066296093961512e+02 1.256801111718167761e+02
1.821428672776860651e+02 1.255713981669470627e+02
1.821791049459759790e+02 1.254626851620773493e+02
1.822175079322431657e+02 1.253474762032757610e+02
1.822599111261858127e+02 1.252202666214478342e+02
1.822599111261858127e+02 1.252202666214478342e+02
1.822861196780798991e+02 1.251416409657655748e+02
1.823123282299739856e+02 1.250630153100833155e+02
1.823441107675486421e+02 1.249676676973593743e+02
1.823848122748829041e+02 1.248455631753565598e+02
1.823848122748829041e+02 1.248455631753565598e+02
1.824207701114306701e+02 1.247376896657132761e+02
1.824567279479784361e+02 1.246298161560699924e+02
1.824926857845262020e+02 1.245219426464267087e+02
1.825286436210739680e+02 1.244140691367834251e+02
1.825286436210739680e+02 1.244140691367834251e+02
1.825646014576217340e+02 1.243061956271401414e+02
1.826005592941694999e+02 1.241983221174968577e+02
1.826365171307172659e+02 1.240904486078535740e+02
1.826724749672650319e+02 1.239825750982102903e+02
1.826724749672650319e+02 1.239825750982102903e+02
1.827131764745992939e+02 1.238604705762074758e+02
1.827449590121739504e+02 1.237651229634835346e+02
1.827711675640680369e+02 1.236864973078012753e+02
1.827973761159621233e+02 1.236078716521190159e+02
1.827973761159621233e+02 1.236078716521190159e+02
1.828235846678562098e+02 1.235292459964367566e+02
1.828497932197502962e+02 1.234506203407544973e+02
1.828815757573249527e+02 1.233552727280305561e+02
1.829222772646592148e+02 1.232331682060277416e+02
1.829222772646592148e+02 1.232331682060277416e+02
1.829484858165533012e+02 1.231545425503454823e+02
1.829746943684473877e+02 1.230759168946632229e+02
1.830064769060220442e+02 1.229805692819392817e+02
1.830471784133563062e+02 1.228584647599364672e+02
1.830471784133563062e+02 1.228584647599364672e+02
1.830831362499040722e+02 1.227505912502931835e+02
1.831190940864518382e+02 1.226427177406498998e+02
1.831550519229996041e+02 1.225348442310066162e+02
1.831910097595473701e+02 1.224269707213633325e+02
1.831910097595473701e+02 1.224269707213633325e+02
1.832269675960951361e+02 1.223190972117200488e+02
1.832629254326429020e+02 1.222112237020767651e+02
1.832988832691906680e+02 1.221033501924334814e+02
1.833348411057384340e+02 1.219954766827901977e+02
1.833348411057384340e+02 1.219954766827901977e+02
1.833707989422861999e+02 1.218876031731469141e+02
1.834067567788339659e+02 1.217797296635036304e+02
1.834427146153817318e+02 1.216718561538603467e+02
1.834786724519294978e+02 1.215639826442170630e+02
1.834786724519294978e+02 1.215639826442170630e+02
1.835146302884772638e+02 1.214561091345737793e+02
1.835505881250250297e+02 1.213482356249304956e+02
1.835865459615727957e+02 1.212403621152872120e+02
1.836225037981205617e+02 1.211324886056439283e+02
1.836225037981205617e+02 1.211324886056439283e+02
1.836584616346683276e+02 1.210246150960006446e+02
1.836944194712160936e+02 1.209167415863573609e+02
1.837303773077638596e+02 1.208088680767140772e+02
1.837663351443116255e+02 1.207009945670707936e+02
1.837663351443116255e+02 1.207009945670707936e+02
1.838070366516458876e+02 1.205788900450679790e+02
1.838388191892205441e+02 1.204835424323440378e+02
1.838650277411146305e+02 1.204049167766617785e+02
1.838912362930087170e+02 1.203262911209795192e+02
1.838912362930087170e+02 1.203262911209795192e+02
1.839174448449028034e+02 1.202476654652972599e+02
1.839436533967968899e+02 1.201690398096150005e+02
1.839754359343715464e+02 1.200736921968910593e+02
1.840161374417058084e+02 1.199515876748882448e+02
1.840161374417058084e+02 1.199515876748882448e+02
1.840479199792804650e+02 1.198562400621643036e+02
1.840886214866147270e+02 1.197341355401614891e+02
1.841398692885790922e+02 1.195803921342684077e+02
1.842024736272096845e+02 1.193925791183766307e+02
1.842024736272096845e+02 1.193925791183766307e+02
1.842342561647843411e+02 1.192972315056526895e+02
1.842749576721186031e+02 1.191751269836498750e+02
1.843262054740829683e+02 1.190213835777567937e+02
1.843888098127135606e+02 1.188335705618650167e+02
1.843888098127135606e+02 1.188335705618650167e+02
1.844514141513441530e+02 1.186457575459732396e+02
1.845026619533085182e+02 1.184920141400801583e+02
1.845433634606427802e+02 1.183699096180773438e+02
1.845751459982174367e+02 1.182745620053534026e+02
1.845751459982174367e+02 1.182745620053534026e+02
1.846405902485795707e+02 1.180782292542670433e+02
1.846889999675589991e+02 1.179330000973287724e+02
1.847214119234159284e+02 1.178357642297579986e+02
1.847415129651270718e+02 1.177754611046245401e+02
1.847415129651270718e+02 1.177754611046245401e+02
1.847639866129694326e+02 1.177080401610974860e+02
1.847927669248099960e+02 1.176216992255757532e+02
1.848290045930999099e+02 1.175129862207060398e+02
1.848732725454773060e+02 1.173801823635738657e+02
1.848732725454773060e+02 1.173801823635738657e+02
1.848986985755370256e+02 1.173039042733947070e+02
1.849241246055967451e+02 1.172276261832155484e+02
1.849495506356564647e+02 1.171513480930363897e+02
1.849749766657161842e+02 1.170750700028572311e+02
1.849749766657161842e+02 1.170750700028572311e+02
1.850176174144247909e+02 1.169471477567313826e+02
1.850562825401601685e+02 1.168311523795252640e+02
1.850949476658955462e+02 1.167151570023191454e+02
1.851375884146041528e+02 1.165872347561932969e+02
1.851375884146041528e+02 1.165872347561932969e+02
1.851630144446638724e+02 1.165109566660141382e+02
1.851884404747235919e+02 1.164346785758349796e+02
1.852138665047833115e+02 1.163584004856558209e+02
1.852392925348430310e+02 1.162821223954766623e+02
1.852392925348430310e+02 1.162821223954766623e+02
1.852647185649027506e+02 1.162058443052975036e+02
1.852901445949624701e+02 1.161295662151183450e+02
1.853155706250221897e+02 1.160532881249391863e+02
1.853409966550819092e+02 1.159770100347600277e+02
1.853409966550819092e+02 1.159770100347600277e+02
1.853852646074593054e+02 1.158442061776278535e+02
1.854215022757492193e+02 1.157354931727581402e+02
1.854502825875897827e+02 1.156491522372364074e+02
1.854727562354321435e+02 1.155817312937093533e+02
1.854727562354321435e+02 1.155817312937093533e+02
1.854981822654918631e+02 1.155054532035301946e+02
1.855236082955515826e+02 1.154291751133510360e+02
1.855490343256113022e+02 1.153528970231718773e+02
1.855744603556710217e+02 1.152766189329927187e+02
1.855744603556710217e+02 1.152766189329927187e+02
1.855998863857307413e+02 1.152003408428135600e+02
1.856253124157904608e+02 1.151240627526344014e+02
1.856507384458501804e+02 1.150477846624552427e+02
1.856761644759098999e+02 1.149715065722760841e+02
1.856761644759098999e+02 1.149715065722760841e+02
1.857015905059696195e+02 1.148952284820969254e+02
1.857270165360293390e+02 1.148189503919177668e+02
1.857524425660890586e+02 1.147426723017386081e+02
1.857778685961487781e+02 1.146663942115594494e+02
1.857778685961487781e+02 1.146663942115594494e+02
1.858032946262084977e+02 1.145901161213802908e+02
1.858287206562682172e+02 1.145138380312011321e+02
1.858541466863279368e+02 1.144375599410219735e+02
1.858795727163876563e+02 1.143612818508428148e+02
1.858795727163876563e+02 1.143612818508428148e+02
1.859155305529354223e+02 1.142534083411995312e+02
1.859514883894831883e+02 1.141455348315562475e+02
1.859874462260309542e+02 1.140376613219129638e+02
1.860234040625787202e+02 1.139297878122696801e+02
1.860234040625787202e+02 1.139297878122696801e+02
1.860658072565213672e+02 1.138025782304417532e+02
1.861042102427885538e+02 1.136873692716401649e+02
1.861404479110784678e+02 1.135786562667704516e+02
1.861766855793683817e+02 1.134699432619007382e+02
1.861766855793683817e+02 1.134699432619007382e+02
1.862084681169430382e+02 1.133745956491767970e+02
1.862491696242773003e+02 1.132524911271739825e+02
1.863004174262416655e+02 1.130987477212809011e+02
1.863630217648722578e+02 1.129109347053891241e+02
1.863630217648722578e+02 1.129109347053891241e+02
1.864284660152343918e+02 1.127146019543027649e+02
1.864768757342138201e+02 1.125693727973644940e+02
1.865092876900707495e+02 1.124721369297937201e+02
1.865293887317818928e+02 1.124118338046602616e+02
1.865293887317818928e+02 1.124118338046602616e+02
1.865720294804904995e+02 1.122839115585344132e+02
1.866106946062258771e+02 1.121679161813282946e+02
1.866493597319612547e+02 1.120519208041221759e+02
1.866920004806698614e+02 1.119239985579963275e+02
1.866920004806698614e+02 1.119239985579963275e+02
1.867279583172176274e+02 1.118161250483530438e+02
1.867639161537653933e+02 1.117082515387097601e+02
1.867998739903131593e+02 1.116003780290664764e+02
1.868358318268609253e+02 1.114925045194231927e+02
1.868358318268609253e+02 1.114925045194231927e+02
1.868765333341951873e+02 1.113703999974203782e+02
1.869083158717698439e+02 1.112750523846964370e+02
1.869345244236639303e+02 1.111964267290141777e+02
1.869607329755580167e+02 1.111178010733319184e+02
1.869607329755580167e+02 1.111178010733319184e+02
1.869861590056177363e+02 1.110415229831527597e+02
1.870115850356774558e+02 1.109652448929736011e+02
1.870370110657371754e+02 1.108889668027944424e+02
1.870624370957968949e+02 1.108126887126152837e+02
1.870624370957968949e+02 1.108126887126152837e+02
1.871031386031311570e+02 1.106905841906124692e+02
1.871349211407058135e+02 1.105952365778885280e+02
1.871611296925999000e+02 1.105166109222062687e+02
1.871873382444939864e+02 1.104379852665240094e+02
1.871873382444939864e+02 1.104379852665240094e+02
1.872280397518282484e+02 1.103158807445211949e+02
1.872598222894029050e+02 1.102205331317972536e+02
1.872860308412969914e+02 1.101419074761149943e+02
1.873122393931910779e+02 1.100632818204327350e+02
1.873122393931910779e+02 1.100632818204327350e+02
1.873776836435532118e+02 1.098669490693463757e+02
1.874260933625326402e+02 1.097217199124081048e+02
1.874585053183895695e+02 1.096244840448373310e+02
1.874786063601007129e+02 1.095641809197038725e+02
1.874786063601007129e+02 1.095641809197038725e+02
1.875145641966484789e+02 1.094563074100605888e+02
1.875505220331962448e+02 1.093484339004173052e+02
1.875864798697440108e+02 1.092405603907740215e+02
1.876224377062917767e+02 1.091326868811307378e+02
1.876224377062917767e+02 1.091326868811307378e+02
1.876542202438664333e+02 1.090373392684067966e+02
1.876949217512006953e+02 1.089152347464039821e+02
1.877461695531650605e+02 1.087614913405109007e+02
1.878087738917956528e+02 1.085736783246191237e+02
1.878087738917956528e+02 1.085736783246191237e+02
1.878447317283434188e+02 1.084658048149758400e+02
1.878806895648911848e+02 1.083579313053325563e+02
1.879166474014389507e+02 1.082500577956892727e+02
1.879526052379867167e+02 1.081421842860459890e+02
1.879526052379867167e+02 1.081421842860459890e+02
1.879843877755613732e+02 1.080468366733220478e+02
1.880250892828956353e+02 1.079247321513192333e+02
1.880763370848600005e+02 1.077709887454261519e+02
1.881389414234905928e+02 1.075831757295343749e+02
1.881389414234905928e+02 1.075831757295343749e+02
1.881748992600383588e+02 1.074753022198910912e+02
1.882108570965861247e+02 1.073674287102478075e+02
1.882468149331338907e+02 1.072595552006045239e+02
1.882827727696816567e+02 1.071516816909612402e+02
1.882827727696816567e+02 1.071516816909612402e+02
1.883187306062294226e+02 1.070438081813179565e+02
1.883546884427771886e+02 1.069359346716746728e+02
1.883906462793249545e+02 1.068280611620313891e+02
1.884266041158727205e+02 1.067201876523881054e+02
1.884266041158727205e+02 1.067201876523881054e+02
1.884625619524204865e+02 1.066123141427448218e+02
1.884985197889682524e+02 1.065044406331015381e+02
1.885344776255160184e+02 1.063965671234582544e+02
1.885704354620637844e+02 1.062886936138149707e+02
1.885704354620637844e+02 1.062886936138149707e+02
1.886063932986115503e+02 1.061808201041716870e+02
1.886423511351593163e+02 1.060729465945284034e+02
1.886783089717070823e+02 1.059650730848851197e+02
1.887142668082548482e+02 1.058571995752418360e+02
1.887142668082548482e+02 1.058571995752418360e+02
1.887502246448026142e+02 1.057493260655985523e+02
1.887861824813503802e+02 1.056414525559552686e+02
1.888221403178981461e+02 1.055335790463119849e+02
1.888580981544459121e+02 1.054257055366687013e+02
1.888580981544459121e+02 1.054257055366687013e+02
1.888940559909936781e+02 1.053178320270254176e+02
1.889300138275414440e+02 1.052099585173821339e+02
1.889659716640892100e+02 1.051020850077388502e+02
1.890019295006369759e+02 1.049942114980955665e+02
1.890019295006369759e+02 1.049942114980955665e+02
1.890378873371847419e+02 1.048863379884522828e+02
1.890738451737325079e+02 1.047784644788089992e+02
1.891098030102802738e+02 1.046705909691657155e+02
1.891457608468280398e+02 1.045627174595224318e+02
1.891457608468280398e+02 1.045627174595224318e+02
1.891817186833758058e+02 1.044548439498791481e+02
1.892176765199235717e+02 1.043469704402358644e+02
1.892536343564713377e+02 1.042390969305925807e+02
1.892895921930191037e+02 1.041312234209492971e+02
1.892895921930191037e+02 1.041312234209492971e+02
1.893255500295668696e+02 1.040233499113060134e+02
1.893615078661146356e+02 1.039154764016627297e+02
1.893974657026624016e+02 1.038076028920194460e+02
1.894334235392101675e+02 1.036997293823761623e+02
1.894334235392101675e+02 1.036997293823761623e+02
1.894693813757579335e+02 1.035918558727328787e+02
1.895053392123056994e+02 1.034839823630895950e+02
1.895412970488534654e+02 1.033761088534463113e+02
1.895772548854012314e+02 1.032682353438030276e+02
1.895772548854012314e+02 1.032682353438030276e+02
1.896132127219489973e+02 1.031603618341597439e+02
1.896491705584967633e+02 1.030524883245164602e+02
1.896851283950445293e+02 1.029446148148731766e+02
1.897210862315922952e+02 1.028367413052298929e+02
1.897210862315922952e+02 1.028367413052298929e+02
1.897570440681400612e+02 1.027288677955866092e+02
1.897930019046878272e+02 1.026209942859433255e+02
1.898289597412355931e+02 1.025131207763000418e+02
1.898649175777833591e+02 1.024052472666567581e+02
1.898649175777833591e+02 1.024052472666567581e+02
1.899008754143311251e+02 1.022973737570134745e+02
1.899368332508788910e+02 1.021895002473701908e+02
1.899727910874266570e+02 1.020816267377269071e+02
1.900087489239744230e+02 1.019737532280836234e+02
1.900087489239744230e+02 1.019737532280836234e+02
1.900447067605221889e+02 1.018658797184403397e+02
1.900806645970699549e+02 1.017580062087970560e+02
1.901166224336177208e+02 1.016501326991537724e+02
1.901525802701654868e+02 1.015422591895104887e+02
1.901525802701654868e+02 1.015422591895104887e+02
1.901885381067132528e+02 1.014343856798672050e+02
1.902244959432610187e+02 1.013265121702239213e+02
1.902604537798087847e+02 1.012186386605806376e+02
1.902964116163565507e+02 1.011107651509373540e+02
1.902964116163565507e+02 1.011107651509373540e+02
1.903323694529043166e+02 1.010028916412940703e+02
1.903683272894520826e+02 1.008950181316507866e+02
1.904042851259998486e+02 1.007871446220075029e+02
1.904402429625476145e+02 1.006792711123642192e+02
1.904402429625476145e+02 1.006792711123642192e+02
1.904826461564902615e+02 1.005520615305362924e+02
1.905210491427574482e+02 1.004368525717347040e+02
1.905572868110473621e+02 1.003281395668649907e+02
1.905935244793372760e+02 1.002194265619952773e+02
1.905935244793372760e+02 1.002194265619952773e+02
1.906337265627595912e+02 1.000988203117283462e+02
1.906739286461819063e+02 9.997821406146141499e+01
1.907141307296042214e+02 9.985760781119448382e+01
1.907543328130265365e+02 9.973700156092755265e+01
1.907543328130265365e+02 9.973700156092755265e+01
1.907950343203607986e+02 9.961489703892473813e+01
1.908268168579354551e+02 9.951954942620079692e+01
1.908530254098295416e+02 9.944092377051853759e+01
1.908792339617236280e+02 9.936229811483627827e+01
1.908792339617236280e+02 9.936229811483627827e+01
1.909199354690578900e+02 9.924019359283346375e+01
1.909517180066325466e+02 9.914484598010952254e+01
1.909779265585266330e+02 9.906622032442726322e+01
1.910041351104207195e+02 9.898759466874500390e+01
1.910041351104207195e+02 9.898759466874500390e+01
1.910266087582630803e+02 9.892017372521794982e+01
1.910553890701036437e+02 9.883383278969621699e+01
1.910916267383935576e+02 9.872511978482650363e+01
1.911358946907709537e+02 9.859231592769432950e+01
1.911358946907709537e+02 9.859231592769432950e+01
1.911718525273187197e+02 9.848444241805104582e+01
1.912078103638664857e+02 9.837656890840776214e+01
1.912437682004142516e+02 9.826869539876447845e+01
1.912797260369620176e+02 9.816082188912119477e+01
1.912797260369620176e+02 9.816082188912119477e+01
1.913221292309046646e+02 9.803361230729326792e+01
1.913605322171718512e+02 9.791840334849167959e+01
1.913967698854617652e+02 9.780969034362196624e+01
1.914330075537516791e+02 9.770097733875225288e+01
1.914330075537516791e+02 9.770097733875225288e+01
1.914554812015940399e+02 9.763355639522519880e+01
1.914842615134346033e+02 9.754721545970346597e+01
1.915204991817245173e+02 9.743850245483375261e+01
1.915647671341019134e+02 9.730569859770157848e+01
1.915647671341019134e+02 9.730569859770157848e+01
1.915901931641616329e+02 9.722942050752241983e+01
1.916156191942213525e+02 9.715314241734326117e+01
1.916410452242810720e+02 9.707686432716410252e+01
1.916664712543407916e+02 9.700058623698494387e+01
1.916664712543407916e+02 9.700058623698494387e+01
1.916926798062348780e+02 9.692196058130268455e+01
1.917188883581289645e+02 9.684333492562042522e+01
1.917506708957036210e+02 9.674798731289648401e+01
1.917913724030378830e+02 9.662588279089366949e+01
1.917913724030378830e+02 9.662588279089366949e+01
1.918167984330976026e+02 9.654960470071451084e+01
1.918422244631573221e+02 9.647332661053535219e+01
1.918676504932170417e+02 9.639704852035619354e+01
1.918930765232767612e+02 9.632077043017703488e+01
1.918930765232767612e+02 9.632077043017703488e+01
1.919185025533364808e+02 9.624449233999787623e+01
1.919439285833962003e+02 9.616821424981871758e+01
1.919693546134559199e+02 9.609193615963955892e+01
1.919947806435156394e+02 9.601565806946040027e+01
1.919947806435156394e+02 9.601565806946040027e+01
1.920354821508499015e+02 9.589355354745758575e+01
1.920672646884245580e+02 9.579820593473364454e+01
1.920934732403186445e+02 9.571958027905138522e+01
1.921196817922127309e+02 9.564095462336912590e+01
1.921196817922127309e+02 9.564095462336912590e+01
1.921451078222724504e+02 9.556467653318996724e+01
1.921705338523321700e+02 9.548839844301080859e+01
1.921959598823918896e+02 9.541212035283164994e+01
1.922213859124516091e+02 9.533584226265249129e+01
1.922213859124516091e+02 9.533584226265249129e+01
1.922475944643456955e+02 9.525721660697023196e+01
1.922738030162397820e+02 9.517859095128797264e+01
1.923055855538144385e+02 9.508324333856403143e+01
1.923462870611487006e+02 9.496113881656121691e+01
1.923462870611487006e+02 9.496113881656121691e+01
1.923687607089910614e+02 9.489371787303416284e+01
1.923975410208316248e+02 9.480737693751243000e+01
1.924337786891215387e+02 9.469866393264271665e+01
1.924780466414989348e+02 9.456586007551054252e+01
1.924780466414989348e+02 9.456586007551054252e+01
1.925042551933930213e+02 9.448723441982828319e+01
1.925304637452871077e+02 9.440860876414602387e+01
1.925622462828617643e+02 9.431326115142208266e+01
1.926029477901960263e+02 9.419115662941926814e+01
1.926029477901960263e+02 9.419115662941926814e+01
1.926283738202557458e+02 9.411487853924010949e+01
1.926537998503154654e+02 9.403860044906095084e+01
1.926792258803751849e+02 9.396232235888179218e+01
1.927046519104349045e+02 9.388604426870263353e+01
1.927046519104349045e+02 9.388604426870263353e+01
1.927489198628123006e+02 9.375324041157045940e+01
1.927851575311022145e+02 9.364452740670074604e+01
1.928139378429427779e+02 9.355818647117901321e+01
1.928364114907851388e+02 9.349076552765195913e+01
1.928364114907851388e+02 9.349076552765195913e+01
1.928618375208448583e+02 9.341448743747280048e+01
1.928872635509045779e+02 9.333820934729364183e+01
1.929126895809642974e+02 9.326193125711448317e+01
1.929381156110240170e+02 9.318565316693532452e+01
1.929381156110240170e+02 9.318565316693532452e+01
1.929743532793139309e+02 9.307694016206561116e+01
1.930105909476038448e+02 9.296822715719589780e+01
1.930489939338710315e+02 9.285301819839430948e+01
1.930913971278136785e+02 9.272580861656638263e+01
1.930913971278136785e+02 9.272580861656638263e+01
1.931340378765222852e+02 9.259788637044053417e+01
1.931727030022576628e+02 9.248189099323441553e+01
1.932113681279930404e+02 9.236589561602829690e+01
1.932540088767016471e+02 9.223797336990244844e+01
1.932540088767016471e+02 9.223797336990244844e+01
1.932902465449915610e+02 9.212926036503273508e+01
1.933264842132814749e+02 9.202054736016302172e+01
1.933648871995486616e+02 9.190533840136143340e+01
1.934072903934913086e+02 9.177812881953350654e+01
1.934072903934913086e+02 9.177812881953350654e+01
1.934515583458687047e+02 9.164532496240133241e+01
1.934877960141586186e+02 9.153661195753161905e+01
1.935165763259991820e+02 9.145027102200988622e+01
1.935390499738415429e+02 9.138285007848283215e+01
1.935390499738415429e+02 9.138285007848283215e+01
1.935644760039012624e+02 9.130657198830367349e+01
1.935899020339609820e+02 9.123029389812451484e+01
1.936153280640207015e+02 9.115401580794535619e+01
1.936407540940804211e+02 9.107773771776619753e+01
1.936407540940804211e+02 9.107773771776619753e+01
1.936814556014146831e+02 9.095563319576338301e+01
1.937132381389893396e+02 9.086028558303944180e+01
1.937394466908834261e+02 9.078165992735718248e+01
1.937656552427775125e+02 9.070303427167492316e+01
1.937656552427775125e+02 9.070303427167492316e+01
1.938016130793252785e+02 9.059516076203163948e+01
1.938375709158730444e+02 9.048728725238835580e+01
1.938735287524208104e+02 9.037941374274507211e+01
1.939094865889685764e+02 9.027154023310178843e+01
1.939094865889685764e+02 9.027154023310178843e+01
1.939518897829112234e+02 9.014433065127386158e+01
1.939902927691784100e+02 9.002912169247227325e+01
1.940265304374683240e+02 8.992040868760255989e+01
1.940627681057582379e+02 8.981169568273284654e+01
1.940627681057582379e+02 8.981169568273284654e+01
1.940881941358179574e+02 8.973541759255368788e+01
1.941136201658776770e+02 8.965913950237452923e+01
1.941390461959373965e+02 8.958286141219537058e+01
1.941644722259971161e+02 8.950658332201621192e+01
1.941644722259971161e+02 8.950658332201621192e+01
1.942007098942870300e+02 8.939787031714649856e+01
1.942369475625769439e+02 8.928915731227678521e+01
1.942753505488441306e+02 8.917394835347519688e+01
1.943177537427867776e+02 8.904673877164727003e+01
1.943177537427867776e+02 8.904673877164727003e+01
1.943584552501210396e+02 8.892463424964445551e+01
1.943902377876956962e+02 8.882928663692051430e+01
1.944164463395897826e+02 8.875066098123825498e+01
1.944426548914838691e+02 8.867203532555599566e+01
1.944426548914838691e+02 8.867203532555599566e+01
1.944850580854265161e+02 8.854482574372806880e+01
1.945234610716937027e+02 8.842961678492648048e+01
1.945596987399836166e+02 8.832090378005676712e+01
1.945959364082735306e+02 8.821219077518705376e+01
1.945959364082735306e+02 8.821219077518705376e+01
1.946213624383332501e+02 8.813591268500789511e+01
1.946467884683929697e+02 8.805963459482873645e+01
1.946722144984526892e+02 8.798335650464957780e+01
1.946976405285124088e+02 8.790707841447041915e+01
1.946976405285124088e+02 8.790707841447041915e+01
1.947335983650601747e+02 8.779920490482713546e+01
1.947695562016079407e+02 8.769133139518385178e+01
1.948055140381557067e+02 8.758345788554056810e+01
1.948414718747034726e+02 8.747558437589728442e+01
1.948414718747034726e+02 8.747558437589728442e+01
1.948777095429933865e+02 8.736687137102757106e+01
1.949139472112833005e+02 8.725815836615785770e+01
1.949523501975504871e+02 8.714294940735626938e+01
1.949947533914931341e+02 8.701573982552834252e+01
1.949947533914931341e+02 8.701573982552834252e+01
1.950307112280409001e+02 8.690786631588505884e+01
1.950666690645886661e+02 8.679999280624177516e+01
1.951026269011364320e+02 8.669211929659849147e+01
1.951385847376841980e+02 8.658424578695520779e+01
1.951385847376841980e+02 8.658424578695520779e+01
1.951748224059741119e+02 8.647553278208549443e+01
1.952110600742640258e+02 8.636681977721578107e+01
1.952494630605312125e+02 8.625161081841419275e+01
1.952918662544738595e+02 8.612440123658626590e+01
1.952918662544738595e+02 8.612440123658626590e+01
1.953180748063679459e+02 8.604577558090400657e+01
1.953442833582620324e+02 8.596714992522174725e+01
1.953760658958366889e+02 8.587180231249780604e+01
1.954167674031709510e+02 8.574969779049499152e+01
1.954167674031709510e+02 8.574969779049499152e+01
1.954591705971135980e+02 8.562248820866706467e+01
1.954975735833807846e+02 8.550727924986547634e+01
1.955338112516706985e+02 8.539856624499576299e+01
1.955700489199606125e+02 8.528985324012604963e+01
1.955700489199606125e+02 8.528985324012604963e+01
1.956062865882505264e+02 8.518114023525633627e+01
1.956425242565404403e+02 8.507242723038662291e+01
1.956809272428076270e+02 8.495721827158503459e+01
1.957233304367502740e+02 8.483000868975710773e+01
1.957233304367502740e+02 8.483000868975710773e+01
1.957592882732980399e+02 8.472213518011382405e+01
1.957952461098458059e+02 8.461426167047054037e+01
1.958312039463935719e+02 8.450638816082725668e+01
1.958671617829413378e+02 8.439851465118397300e+01
1.958671617829413378e+02 8.439851465118397300e+01
1.959031196194891038e+02 8.429064114154068932e+01
1.959390774560368698e+02 8.418276763189740564e+01
1.959750352925846357e+02 8.407489412225412195e+01
1.960109931291324017e+02 8.396702061261083827e+01
1.960109931291324017e+02 8.396702061261083827e+01
1.960469509656801677e+02 8.385914710296755459e+01
1.960829088022279336e+02 8.375127359332427091e+01
1.961188666387756996e+02 8.364340008368098722e+01
1.961548244753234655e+02 8.353552657403770354e+01
1.961548244753234655e+02 8.353552657403770354e+01
1.961907823118712315e+02 8.342765306439441986e+01
1.962267401484189975e+02 8.331977955475113617e+01
1.962626979849667634e+02 8.321190604510785249e+01
1.962986558215145294e+02 8.310403253546456881e+01
1.962986558215145294e+02 8.310403253546456881e+01
1.963346136580622954e+02 8.299615902582128513e+01
1.963705714946100613e+02 8.288828551617800144e+01
1.964065293311578273e+02 8.278041200653471776e+01
1.964424871677055933e+02 8.267253849689143408e+01
1.964424871677055933e+02 8.267253849689143408e+01
1.964848903616482403e+02 8.254532891506350722e+01
1.965232933479154269e+02 8.243011995626191890e+01
1.965595310162053408e+02 8.232140695139220554e+01
1.965957686844952548e+02 8.221269394652249218e+01
1.965957686844952548e+02 8.221269394652249218e+01
1.966381718784379018e+02 8.208548436469456533e+01
1.966765748647050884e+02 8.197027540589297701e+01
1.967128125329950024e+02 8.186156240102326365e+01
1.967490502012849163e+02 8.175284939615355029e+01
1.967490502012849163e+02 8.175284939615355029e+01
1.967808327388595728e+02 8.165750178342960908e+01
1.968215342461938349e+02 8.153539726142679456e+01
1.968727820481582000e+02 8.138165385553371323e+01
1.969353863867887924e+02 8.119384083964193621e+01
1.969353863867887924e+02 8.119384083964193621e+01
1.969608124168485119e+02 8.111756274946277756e+01
1.969862384469082315e+02 8.104128465928361891e+01
1.970116644769679510e+02 8.096500656910446025e+01
1.970370905070276706e+02 8.088872847892530160e+01
1.970370905070276706e+02 8.088872847892530160e+01
1.970730483435754365e+02 8.078085496928201792e+01
1.971090061801232025e+02 8.067298145963873424e+01
1.971449640166709685e+02 8.056510794999545055e+01
1.971809218532187344e+02 8.045723444035216687e+01
1.971809218532187344e+02 8.045723444035216687e+01
1.972435261918493268e+02 8.026942142446038986e+01
1.972947739938136920e+02 8.011567801856730853e+01
1.973354755011479540e+02 7.999357349656449401e+01
1.973672580387226105e+02 7.989822588384055280e+01
1.973672580387226105e+02 7.989822588384055280e+01
1.973897316865649714e+02 7.983080494031349872e+01
1.974185119984055348e+02 7.974446400479176589e+01
1.974547496666954487e+02 7.963575099992205253e+01
1.974990176190728448e+02 7.950294714278987840e+01
1.974990176190728448e+02 7.950294714278987840e+01
1.975416583677814515e+02 7.937502489666402994e+01
1.975803234935168291e+02 7.925902951945791131e+01
1.976189886192522067e+02 7.914303414225179267e+01
1.976616293679608134e+02 7.901511189612594421e+01
1.976616293679608134e+02 7.901511189612594421e+01
1.977018314513831285e+02 7.889450564585901304e+01
1.977420335348054437e+02 7.877389939559208187e+01
1.977822356182277588e+02 7.865329314532515070e+01
1.978224377016500739e+02 7.853268689505821953e+01
1.978224377016500739e+02 7.853268689505821953e+01
1.978478637317097935e+02 7.845640880487906088e+01
1.978732897617695130e+02 7.838013071469990223e+01
1.978987157918292326e+02 7.830385262452074357e+01
1.979241418218889521e+02 7.822757453434158492e+01
1.979241418218889521e+02 7.822757453434158492e+01
1.979643439053112672e+02 7.810696828407465375e+01
1.980045459887335824e+02 7.798636203380772258e+01
1.980447480721558975e+02 7.786575578354079141e+01
1.980849501555782126e+02 7.774514953327386024e+01
1.980849501555782126e+02 7.774514953327386024e+01
1.981275909042868193e+02 7.761722728714801178e+01
1.981662560300221969e+02 7.750123190994189315e+01
1.982049211557575745e+02 7.738523653273577452e+01
1.982475619044661812e+02 7.725731428660992606e+01
1.982475619044661812e+02 7.725731428660992606e+01
1.982918298568435773e+02 7.712451042947775193e+01
1.983280675251334912e+02 7.701579742460803857e+01
1.983568478369740546e+02 7.692945648908630574e+01
1.983793214848164155e+02 7.686203554555925166e+01
1.983793214848164155e+02 7.686203554555925166e+01
1.984017951326587763e+02 7.679461460203219758e+01
1.984305754444993397e+02 7.670827366651046475e+01
1.984668131127892536e+02 7.659956066164075139e+01
1.985110810651666498e+02 7.646675680450857726e+01
1.985110810651666498e+02 7.646675680450857726e+01
1.985553490175440459e+02 7.633395294737640313e+01
1.985915866858339598e+02 7.622523994250668977e+01
1.986203669976745232e+02 7.613889900698495694e+01
1.986428406455168840e+02 7.607147806345790286e+01
1.986428406455168840e+02 7.607147806345790286e+01
1.986653142933592449e+02 7.600405711993084878e+01
1.986940946051998083e+02 7.591771618440911595e+01
1.987303322734897222e+02 7.580900317953940259e+01
1.987746002258671183e+02 7.567619932240722846e+01
1.987746002258671183e+02 7.567619932240722846e+01
1.988188681782445144e+02 7.554339546527505433e+01
1.988551058465344283e+02 7.543468246040534098e+01
1.988838861583749917e+02 7.534834152488360814e+01
1.989063598062173526e+02 7.528092058135655407e+01
1.989063598062173526e+02 7.528092058135655407e+01
1.989288334540597134e+02 7.521349963782949999e+01
1.989576137659002768e+02 7.512715870230776716e+01
1.989938514341901907e+02 7.501844569743805380e+01
1.990381193865675868e+02 7.488564184030587967e+01
1.990381193865675868e+02 7.488564184030587967e+01
1.990823873389449830e+02 7.475283798317370554e+01
1.991186250072348969e+02 7.464412497830399218e+01
1.991474053190754603e+02 7.455778404278225935e+01
1.991698789669178211e+02 7.449036309925520527e+01
1.991698789669178211e+02 7.449036309925520527e+01
1.991899800086289645e+02 7.443005997412174679e+01
1.992223919644858938e+02 7.433282410655097294e+01
1.992708016834653222e+02 7.418759494961270207e+01
1.993362459338274562e+02 7.399126219852634279e+01
1.993362459338274562e+02 7.399126219852634279e+01
1.993805138862048523e+02 7.385845834139416866e+01
1.994167515544947662e+02 7.374974533652445530e+01
1.994455318663353296e+02 7.366340440100272247e+01
1.994680055141776904e+02 7.359598345747566839e+01
1.994680055141776904e+02 7.359598345747566839e+01
1.995082075976000056e+02 7.347537720720873722e+01
1.995484096810223207e+02 7.335477095694180605e+01
1.995886117644446358e+02 7.323416470667487488e+01
1.996288138478669509e+02 7.311355845640794371e+01
1.996288138478669509e+02 7.311355845640794371e+01
1.996542398779266705e+02 7.303728036622878506e+01
1.996796659079863900e+02 7.296100227604962640e+01
1.997050919380461096e+02 7.288472418587046775e+01
1.997305179681058291e+02 7.280844609569130910e+01
1.997305179681058291e+02 7.280844609569130910e+01
1.997747859204832253e+02 7.267564223855913497e+01
1.998110235887731392e+02 7.256692923368942161e+01
1.998398039006137026e+02 7.248058829816768878e+01
1.998622775484560634e+02 7.241316735464063470e+01
1.998622775484560634e+02 7.241316735464063470e+01
1.999049182971646701e+02 7.228524510851478624e+01
1.999435834229000477e+02 7.216924973130866761e+01
1.999822485486354253e+02 7.205325435410254897e+01
2.000248892973440320e+02 7.192533210797670051e+01
2.000248892973440320e+02 7.192533210797670051e+01
2.000672924912866790e+02 7.179812252614877366e+01
2.001056954775538657e+02 7.168291356734718534e+01
2.001419331458437796e+02 7.157420056247747198e+01
2.001781708141336935e+02 7.146548755760775862e+01
2.001781708141336935e+02 7.146548755760775862e+01
2.002006444619760543e+02 7.139806661408070454e+01
2.002294247738166177e+02 7.131172567855897171e+01
2.002656624421065317e+02 7.120301267368925835e+01
2.003099303944839278e+02 7.107020881655708422e+01
2.003099303944839278e+02 7.107020881655708422e+01
2.003353564245436473e+02 7.099393072637792557e+01
2.003607824546033669e+02 7.091765263619876691e+01
2.003862084846630864e+02 7.084137454601960826e+01
2.004116345147228060e+02 7.076509645584044961e+01
2.004116345147228060e+02 7.076509645584044961e+01
2.004559024671002021e+02 7.063229259870827548e+01
2.004921401353901160e+02 7.052357959383856212e+01
2.005209204472306794e+02 7.043723865831682929e+01
2.005433940950730403e+02 7.036981771478977521e+01
2.005433940950730403e+02 7.036981771478977521e+01
2.005876620474504364e+02 7.023701385765760108e+01
2.006238997157403503e+02 7.012830085278788772e+01
2.006526800275809137e+02 7.004195991726615489e+01
2.006751536754232745e+02 6.997453897373910081e+01
2.006751536754232745e+02 6.997453897373910081e+01
2.007111115119710405e+02 6.986666546409581713e+01
2.007470693485188065e+02 6.975879195445253345e+01
2.007830271850665724e+02 6.965091844480924976e+01
2.008189850216143384e+02 6.954304493516596608e+01
2.008189850216143384e+02 6.954304493516596608e+01
2.008549428581621044e+02 6.943517142552268240e+01
2.008909006947098703e+02 6.932729791587939872e+01
2.009268585312576363e+02 6.921942440623611503e+01
2.009628163678054023e+02 6.911155089659283135e+01
2.009628163678054023e+02 6.911155089659283135e+01
2.009987742043531682e+02 6.900367738694954767e+01
2.010347320409009342e+02 6.889580387730626398e+01
2.010706898774487001e+02 6.878793036766298030e+01
2.011066477139964661e+02 6.868005685801969662e+01
2.011066477139964661e+02 6.868005685801969662e+01
2.011426055505442321e+02 6.857218334837641294e+01
2.011785633870919980e+02 6.846430983873312925e+01
2.012145212236397640e+02 6.835643632908984557e+01
2.012504790601875300e+02 6.824856281944656189e+01
2.012504790601875300e+02 6.824856281944656189e+01
2.012864368967352959e+02 6.814068930980327821e+01
2.013223947332830619e+02 6.803281580015999452e+01
2.013583525698308279e+02 6.792494229051671084e+01
2.013943104063785938e+02 6.781706878087342716e+01
2.013943104063785938e+02 6.781706878087342716e+01
2.014260929439532504e+02 6.772172116814948595e+01
2.014667944512875124e+02 6.759961664614667143e+01
2.015180422532518776e+02 6.744587324025359010e+01
2.015806465918824699e+02 6.725806022436181308e+01
2.015806465918824699e+02 6.725806022436181308e+01
2.016230497858251169e+02 6.713085064253388623e+01
2.016614527720923036e+02 6.701564168373229791e+01
2.016976904403822175e+02 6.690692867886258455e+01
2.017339281086721314e+02 6.679821567399287119e+01
2.017339281086721314e+02 6.679821567399287119e+01
2.017698859452198974e+02 6.669034216434958751e+01
2.018058437817676634e+02 6.658246865470630382e+01
2.018418016183154293e+02 6.647459514506302014e+01
2.018777594548631953e+02 6.636672163541973646e+01
2.018777594548631953e+02 6.636672163541973646e+01
2.019137172914109613e+02 6.625884812577645278e+01
2.019496751279587272e+02 6.615097461613316909e+01
2.019856329645064932e+02 6.604310110648988541e+01
2.020215908010542591e+02 6.593522759684660173e+01
2.020215908010542591e+02 6.593522759684660173e+01
2.020575486376020251e+02 6.582735408720331804e+01
2.020935064741497911e+02 6.571948057756003436e+01
2.021294643106975570e+02 6.561160706791675068e+01
2.021654221472453230e+02 6.550373355827346700e+01
2.021654221472453230e+02 6.550373355827346700e+01
2.022013799837930890e+02 6.539586004863018331e+01
2.022373378203408549e+02 6.528798653898689963e+01
2.022732956568886209e+02 6.518011302934361595e+01
2.023092534934363869e+02 6.507223951970033227e+01
2.023092534934363869e+02 6.507223951970033227e+01
2.023452113299841528e+02 6.496436601005704858e+01
2.023811691665319188e+02 6.485649250041376490e+01
2.024171270030796848e+02 6.474861899077048122e+01
2.024530848396274507e+02 6.464074548112719754e+01
2.024530848396274507e+02 6.464074548112719754e+01
2.024893225079173646e+02 6.453203247625748418e+01
2.025255601762072786e+02 6.442331947138777082e+01
2.025639631624744652e+02 6.430811051258618249e+01
2.026063663564171122e+02 6.418090093075825564e+01
2.026063663564171122e+02 6.418090093075825564e+01
2.026470678637513743e+02 6.405879640875544112e+01
2.026788504013260308e+02 6.396344879603149280e+01
2.027050589532201172e+02 6.388482314034922638e+01
2.027312675051142037e+02 6.380619748466695995e+01
2.027312675051142037e+02 6.380619748466695995e+01
2.027574760570082901e+02 6.372757182898469352e+01
2.027836846089023766e+02 6.364894617330242710e+01
2.028154671464770331e+02 6.355359856057847878e+01
2.028561686538112951e+02 6.343149403857566426e+01
2.028561686538112951e+02 6.343149403857566426e+01
2.028921264903590611e+02 6.332362052893238058e+01
2.029280843269068271e+02 6.321574701928909690e+01
2.029640421634545930e+02 6.310787350964581321e+01
2.030000000000023590e+02 6.300000000000252953e+01
