104 147
104 149
104 151
104 153
104 155
104 157
104 159
104 161
104 163
104 165
104 167
104 169
104 171
104 173
104 175
104 177
104 179
105 181
105 183
105 185
105 187
106 144
106 146
106 189
106 191
107 142
107 193
107 195
107 197
108 138
108 140
108 199
109 136
109 201
109 203
110 134
110 205
111 132
111 207
112 130
112 209
113 128
113 211
114 126
114 213
115 122
115 124
116 120
116 214
117 118
117 216
118 218
119 117
120 115
120 220
121 113
122 109
122 111
122 221
122 223
124 109
124 224
125 107
125 226
126 105
126 228
128 105
128 229
129 103
130 231
131 102
131 233
133 101
133 233
134 99
134 235
136 98
136 236
137 96
138 238
139 95
140 238
141 94
142 92
142 240
144 92
144 240
145 90
146 241
147 90
148 241
149 89
150 242
151 88
152 86
152 242
153 244
154 85
155 244
156 84
157 245
158 83
159 245
160 82
161 245
162 81
163 246
164 81
165 246
166 80
167 247
168 80
169 247
170 79
171 247
172 79
173 247
174 79
175 247
176 78
177 247
178 78
179 247
180 77
181 247
182 77
183 247
184 76
185 247
186 76
187 247
188 76
189 247
190 76
191 247
192 76
193 246
194 76
195 246
196 76
197 246
199 76
199 245
201 76
201 245
203 76
203 244
205 76
205 244
207 76
207 243
209 77
209 243
211 77
211 242
213 77
213 242
215 78
215 241
217 79
217 241
219 79
219 240
221 80
221 240
223 81
223 83
223 238
225 83
225 237
227 85
227 234
227 236
229 85
229 233
231 86
231 233
232 231
233 87
233 229
235 88
235 229
236 227
237 90
237 225
238 92
239 94
239 224
240 222
241 96
241 220
242 98
243 100
243 219
244 102
244 217
245 104
246 106
246 213
246 215
248 107
248 109
248 212
249 210
250 110
250 112
250 208
252 113
252 115
252 205
252 207
253 117
253 119
253 121
254 123
254 125
254 204
255 127
255 129
255 202
256 131
256 133
256 200
257 135
258 137
258 139
258 199
259 141
259 197
260 143
260 145
260 147
260 195
261 149
261 151
261 153
261 193
262 155
262 157
262 159
262 161
262 191
263 163
264 165
264 188
264 190
265 167
266 169
266 185
266 187
267 171
268 173
268 175
268 177
268 184
269 179
269 182
270 178
270 180
270 181
270 183
271 185
272 177
272 187
273 173
273 175
273 189
273 191
274 193
275 171
275 195
276 167
276 169
276 197
276 199
277 201
278 164
278 166
278 203
279 160
279 162
279 205
279 207
281 157
281 159
281 207
281 209
282 153
282 155
282 211
283 151
283 213
284 149
285 145
285 147
285 214
285 216
286 143
287 139
287 141
287 217
288 219
289 135
289 137
289 221
290 131
290 133
291 129
291 222
293 126
293 128
293 224
294 122
294 124
295 120
295 226
296 115
296 117
297 111
297 113
297 228
298 107
298 109
299 101
299 103
299 105
299 229
301 100
301 230
302 98
302 232
303 88
303 90
303 92
303 94
303 96
304 86
304 233
305 80
305 82
305 84
306 70
306 72
306 74
306 76
306 78
306 234
307 68
308 66
308 236
309 62
309 64
310 48
310 50
310 52
310 54
310 56
310 58
310 60
310 237
312 238
313 240
315 240
317 241
319 242
321 242
323 242
325 243
327 243
329 244
331 245
333 245
335 246
337 246
339 246
341 246
343 246
345 246
347 246
